   1.5000000e-02   1.0000000e+01   1.0000000e-02  -2.0000000e+00  -1.3060706e-15   0.0000000e+00
   3.0000000e-02   1.0000000e+01   1.0000000e-02  -2.0000000e+00  -1.3060706e-15   0.0000000e+00
   4.5000000e-02   1.0000000e+01   1.0000000e-02  -2.0000000e+00  -1.3060706e-15   0.0000000e+00
   6.0000000e-02   1.0000000e+01   1.0000000e-02  -2.0000000e+00  -1.3060706e-15   0.0000000e+00
   7.5000000e-02   1.0000000e+01   1.0000000e-02  -2.0000000e+00  -1.3060706e-15   0.0000000e+00
   9.0000000e-02   1.0000000e+01   1.0000000e-02  -2.0000000e+00  -1.3060706e-15   0.0000000e+00
   1.0500000e-01   1.0000000e+01   1.0000000e-02  -2.0000000e+00  -1.3060706e-15   0.0000000e+00
   1.2000000e-01   1.0000000e+01   1.0000000e-02  -2.0000000e+00  -1.3060706e-15   0.0000000e+00
   1.3500000e-01   1.0000000e+01   1.0000000e-02  -2.0000000e+00  -1.3060706e-15   0.0000000e+00
   1.5000000e-01   1.0000000e+01   1.0000000e-02  -2.0000000e+00  -1.3060706e-15   0.0000000e+00
   1.6500000e-01   1.0000000e+01   1.0000000e-02  -2.0000000e+00  -1.3060706e-15   0.0000000e+00
   1.8000000e-01   1.0000000e+01   1.0000000e-02  -2.0000000e+00  -1.3060706e-15   0.0000000e+00
   1.9500000e-01   1.0000000e+01   1.0000000e-02  -2.0000000e+00  -1.3060706e-15   0.0000000e+00
   2.1000000e-01   1.0000000e+01   1.0000000e-02  -2.0000000e+00  -1.3060706e-15   0.0000000e+00
   2.2500000e-01   1.0000000e+01   1.0000000e-02  -2.0000000e+00  -1.3060706e-15   0.0000000e+00
   2.4000000e-01   1.0000000e+01   1.0000000e-02  -2.0000000e+00  -1.3060706e-15   0.0000000e+00
   2.5500000e-01   1.0000000e+01   1.0000000e-02  -2.0000000e+00  -1.3060706e-15   0.0000000e+00
   2.7000000e-01   1.0000000e+01   1.0000000e-02  -2.0000000e+00  -1.3060706e-15   0.0000000e+00
   2.8500000e-01   1.0000000e+01   1.0000000e-02  -2.0000000e+00  -1.3060706e-15   0.0000000e+00
   3.0000000e-01   1.0000000e+01   1.0000000e-02  -2.0000000e+00  -1.3060706e-15   0.0000000e+00
   3.1500000e-01   1.0000000e+01   1.0000000e-02  -2.0000000e+00  -1.3060706e-15   0.0000000e+00
   3.3000000e-01   1.0000000e+01   1.0000000e-02  -2.0000000e+00  -1.3060706e-15   0.0000000e+00
   3.4500000e-01   1.0000000e+01   1.0000000e-02  -2.0000000e+00  -1.3060706e-15   0.0000000e+00
   3.6000000e-01   1.0000000e+01   1.0000000e-02  -2.0000000e+00  -1.3060706e-15   0.0000000e+00
   3.7500000e-01   1.0000000e+01   1.0000000e-02  -2.0000000e+00  -1.3060706e-15   0.0000000e+00
   3.9000000e-01   1.0000000e+01   1.0000000e-02  -2.0000000e+00  -1.3060706e-15   0.0000000e+00
   4.0500000e-01   1.0000000e+01   1.0000000e-02  -2.0000000e+00  -1.3060706e-15   0.0000000e+00
   4.2000000e-01   1.0000000e+01   1.0000000e-02  -2.0000000e+00  -1.3060706e-15   0.0000000e+00
   4.3500000e-01   1.0000000e+01   1.0000000e-02  -2.0000000e+00  -1.3060706e-15   0.0000000e+00
   4.5000000e-01   1.0000000e+01   1.0000000e-02  -2.0000000e+00  -1.3060706e-15   0.0000000e+00
   4.6500000e-01   1.0000000e+01   1.0000000e-02  -2.0000000e+00  -1.3060706e-15   0.0000000e+00
   4.8000000e-01   1.0000000e+01   1.0000000e-02  -2.0000000e+00  -1.3060706e-15   0.0000000e+00
   4.9500000e-01   1.0000000e+01   1.0000000e-02  -2.0000000e+00  -1.3060706e-15   0.0000000e+00
   5.1000000e-01   1.0000000e+01   9.9999927e-03  -1.9999971e+00   1.4519747e-12   8.9398265e-07
   5.2500000e-01   1.0000000e+01   1.0000000e-02  -2.0000000e+00  -1.3060706e-15   0.0000000e+00
   5.4000000e-01   1.0000000e+01   9.9999977e-03  -1.9999991e+00   4.6535516e-13   2.5605554e-07
   5.5500000e-01   1.0000000e+01   9.9999891e-03  -1.9999957e+00   2.1719096e-12   1.1288514e-06
   5.7000000e-01   1.0000000e+01   9.9999935e-03  -1.9999974e+00   1.3053181e-12   6.4345905e-07
   5.8500000e-01   1.0000000e+01   9.9999573e-03  -1.9999829e+00   8.5302080e-12   3.9887271e-06
   6.0000000e-01   1.0000000e+01   9.9999745e-03  -1.9999898e+00   5.0913792e-12   2.2634155e-06
   6.1500000e-01   1.0000000e+01   9.9999529e-03  -1.9999812e+00   9.4098136e-12   3.9811722e-06
   6.3000000e-01   1.0000000e+01   9.9999059e-03  -1.9999624e+00   1.8803182e-11   7.5805431e-06
   6.4500000e-01   1.0000000e+01   9.9999427e-03  -1.9999771e+00   1.1462075e-11   4.4087272e-06
   6.6000000e-01   1.0000000e+01   9.9998771e-03  -1.9999508e+00   2.4570251e-11   9.0253642e-06
   6.7500000e-01   1.0000000e+01   9.9998393e-03  -1.9999357e+00   3.2106217e-11   1.1275069e-05
   6.9000000e-01   1.0000000e+01   9.9998124e-03  -1.9999250e+00   3.7483505e-11   1.2597288e-05
   7.0500000e-01   1.0000000e+01   9.9997217e-03  -1.9998899e+00   5.8027935e-11   1.7990005e-05
   7.2000000e-01   1.0000000e+01   9.9997358e-03  -1.9998943e+00   5.2768899e-11   1.6287098e-05
   7.3500000e-01   1.0000000e+01   9.9997821e-03  -1.9999128e+00   4.4417871e-11   1.3155755e-05
   7.5000000e-01   1.0000000e+01   9.9996199e-03  -1.9998479e+00   7.5880868e-11   2.1584261e-05
   7.6500000e-01   1.0000000e+01   9.9994129e-03  -1.9997654e+00   1.1752073e-10   3.2022150e-05
   7.8000000e-01   1.0000000e+01   9.9993074e-03  -1.9997274e+00   1.4843901e-10   3.7010423e-05
   7.9500000e-01   1.0000000e+01   9.9990641e-03  -1.9996292e+00   1.9342941e-10   4.7394904e-05
   8.1000000e-01   1.0000000e+01   9.9989897e-03  -1.9996013e+00   2.1195128e-10   4.9367253e-05
   8.2500000e-01   1.0000000e+01   9.9985782e-03  -1.9994370e+00   2.9561721e-10   6.6884899e-05
   8.4000000e-01   1.0000000e+01   9.9986985e-03  -1.9994862e+00   2.7282474e-10   5.9182137e-05
   8.5500000e-01   1.0000000e+01   9.9981519e-03  -1.9992686e+00   3.8302339e-10   8.0750163e-05
   8.7000000e-01   1.0000000e+01   9.9978209e-03  -1.9991348e+00   4.5866375e-10   9.4187325e-05
   8.8500000e-01   1.0000000e+01   9.9972786e-03  -1.9989189e+00   5.5673941e-10   1.1108908e-04
   9.0000000e-01   1.0000000e+01   9.9969957e-03  -1.9988088e+00   6.1714607e-10   1.1822520e-04
   9.1500000e-01   1.0000000e+01   9.9964855e-03  -1.9986097e+00   7.3054063e-10   1.3447340e-04
   9.3000000e-01   1.0000000e+01   9.9962251e-03  -1.9985135e+00   8.0316200e-10   1.4096676e-04
   9.4500000e-01   1.0000000e+01   9.9952537e-03  -1.9981269e+00   9.9647112e-10   1.7043178e-04
   9.6000000e-01   1.0000000e+01   9.9948039e-03  -1.9979621e+00   1.1259057e-09   1.8198456e-04
   9.7500000e-01   1.0000000e+01   9.9944255e-03  -1.9977988e+00   1.1647775e-09   1.8712841e-04
   9.9000000e-01   1.0000000e+01   9.9932934e-03  -1.9973717e+00   1.4627137e-09   2.2100862e-04
   1.0050000e+00   1.0000000e+01   9.9930440e-03  -1.9972774e+00   1.5135062e-09   2.2277810e-04
   1.0200000e+00   1.0000000e+01   9.9916509e-03  -1.9967309e+00   1.8116642e-09   2.5825901e-04
   1.0350000e+00   1.0000000e+01   9.9901535e-03  -1.9961745e+00   2.2327927e-09   2.9949955e-04
   1.0500000e+00   1.0000000e+01   9.9885787e-03  -1.9955676e+00   2.6059403e-09   3.3886578e-04
   1.0650000e+00   1.0000000e+01   9.9873359e-03  -1.9950841e+00   2.8875387e-09   3.6516963e-04
   1.0800000e+00   1.0000000e+01   9.9863507e-03  -1.9946848e+00   3.0408299e-09   3.7796899e-04
   1.0950000e+00   1.0000000e+01   9.9849029e-03  -1.9941751e+00   3.5500509e-09   4.1268375e-04
   1.1100000e+00   1.0000000e+01   9.9829931e-03  -1.9934321e+00   3.8876855e-09   4.4326259e-04
   1.1250000e+00   1.0000000e+01   9.9818003e-03  -1.9929931e+00   4.3540221e-09   4.7546957e-04
   1.1400000e+00   1.0000000e+01   9.9805295e-03  -1.9924501e+00   4.4033933e-09   4.8622283e-04
   1.1550000e+00   1.0000000e+01   9.9780177e-03  -1.9915444e+00   5.1480162e-09   5.3555188e-04
   1.1700000e+00   1.0000000e+01   9.9756882e-03  -1.9906390e+00   5.6278289e-09   5.7539436e-04
   1.1850000e+00   1.0000000e+01   9.9718208e-03  -1.9892127e+00   6.6488919e-09   6.4635291e-04
   1.2000000e+00   1.0000000e+01   9.9698055e-03  -1.9883737e+00   6.9766268e-09   6.7671443e-04
   1.2150000e+00   1.0000000e+01   9.9670968e-03  -1.9873690e+00   7.6979921e-09   7.1670803e-04
   1.2300000e+00   1.0000000e+01   9.9644445e-03  -1.9864073e+00   8.5953281e-09   7.6999559e-04
   1.2450000e+00   1.0000000e+01   9.9620967e-03  -1.9855164e+00   9.0618434e-09   7.9380533e-04
   1.2600000e+00   1.0000000e+01   9.9580464e-03  -1.9840434e+00   1.0250962e-08   8.6115296e-04
   1.2750000e+00   1.0000000e+01   9.9538101e-03  -1.9824209e+00   1.1269082e-08   9.2749669e-04
   1.2900000e+00   1.0000000e+01   9.9504869e-03  -1.9812768e+00   1.2570116e-08   9.8629184e-04
   1.3050000e+00   1.0000000e+01   9.9467441e-03  -1.9799107e+00   1.3411119e-08   1.0099403e-03
   1.3200000e+00   1.0000000e+01   9.9420585e-03  -1.9781851e+00   1.4698818e-08   1.0843490e-03
   1.3350000e+00   1.0000000e+01   9.9388377e-03  -1.9769349e+00   1.5300755e-08   1.1131454e-03
   1.3500000e+00   1.0000000e+01   9.9332050e-03  -1.9749119e+00   1.7012841e-08   1.1867235e-03
   1.3650000e+00   1.0000000e+01   9.9279917e-03  -1.9732024e+00   1.9094436e-08   1.2522516e-03
   1.3800000e+00   1.0000000e+01   9.9233641e-03  -1.9713781e+00   2.0135800e-08   1.2861626e-03
   1.3950000e+00   1.0000000e+01   9.9150978e-03  -1.9685558e+00   2.3767096e-08   1.4518340e-03
   1.4100000e+00   1.0000000e+01   9.9062843e-03  -1.9654807e+00   2.6410641e-08   1.5562160e-03
   1.4250000e+00   1.0000000e+01   9.9053941e-03  -1.9650518e+00   2.5970877e-08   1.5215877e-03
   1.4400000e+00   1.0000000e+01   9.8970721e-03  -1.9620874e+00   2.8313027e-08   1.6103591e-03
   1.4550000e+00   1.0000000e+01   9.8849714e-03  -1.9583299e+00   3.4539101e-08   1.7681643e-03
   1.4700000e+00   1.0000000e+01   9.8807557e-03  -1.9565525e+00   3.4717632e-08   1.8117635e-03
   1.4850000e+00   1.0000000e+01   9.8745166e-03  -1.9542352e+00   3.5852543e-08   1.8563036e-03
   1.5000000e+00   1.0000000e+01   9.8694995e-03  -1.9526669e+00   3.9433264e-08   1.8978848e-03
   1.5150000e+00   1.0000000e+01   9.8528162e-03  -1.9474308e+00   4.9450062e-08   2.1671044e-03
   1.5300000e+00   1.0000000e+01   9.8488692e-03  -1.9455675e+00   4.6022228e-08   2.1165375e-03
   1.5450000e+00   1.0000000e+01   9.8368043e-03  -1.9413298e+00   5.1130939e-08   2.2310425e-03
   1.5600000e+00   1.0000000e+01   9.8295174e-03  -1.9391781e+00   5.4771270e-08   2.2974699e-03
   1.5750000e+00   1.0000000e+01   9.8154955e-03  -1.9346151e+00   6.2374104e-08   2.4745979e-03
   1.5900000e+00   1.0000000e+01   9.8015481e-03  -1.9300856e+00   6.6154164e-08   2.5800246e-03
   1.6050000e+00   1.0000000e+01   9.7906453e-03  -1.9263664e+00   6.9409516e-08   2.6568313e-03
   1.6200000e+00   1.0000000e+01   9.7804779e-03  -1.9230965e+00   7.5801740e-08   2.7289211e-03
   1.6350000e+00   1.0000000e+01   9.7698467e-03  -1.9194609e+00   8.1796883e-08   2.8655089e-03
   1.6500000e+00   1.0000000e+01   9.7521698e-03  -1.9142059e+00   9.4363406e-08   3.0500325e-03
   1.6650000e+00   1.0000000e+01   9.7404363e-03  -1.9103799e+00   9.5668455e-08   3.0687721e-03
   1.6800000e+00   1.0000000e+01   9.7192164e-03  -1.9038643e+00   1.0380609e-07   3.2495166e-03
   1.6950000e+00   1.0000000e+01   9.7011399e-03  -1.8981769e+00   1.1497206e-07   3.3785335e-03
   1.7100000e+00   1.0000000e+01   9.6894829e-03  -1.8947927e+00   1.2117830e-07   3.4199641e-03
   1.7250000e+00   1.0000000e+01   9.6740352e-03  -1.8903363e+00   1.3768394e-07   3.6863037e-03
   1.7400000e+00   1.0000000e+01   9.6476817e-03  -1.8830673e+00   1.6438093e-07   3.9008878e-03
   1.7550000e+00   1.0000000e+01   9.6267927e-03  -1.8769621e+00   1.9388570e-07   4.0583384e-03
   1.7700000e+00   1.0000000e+01   9.6234259e-03  -1.8743711e+00   1.5456112e-07   3.9378449e-03
   1.7850000e+00   1.0000000e+01   9.5867385e-03  -1.8641770e+00   1.8723553e-07   4.3179267e-03
   1.8000000e+00   1.0000000e+01   9.5627084e-03  -1.8582082e+00   2.1468619e-07   4.4986789e-03
   1.8150000e+00   1.0000000e+01   9.5405454e-03  -1.8515521e+00   2.2857583e-07   4.5963531e-03
   1.8300000e+00   1.0000000e+01   6.2449122e-03  -1.8456454e+00   5.1831130e-05   4.7849206e-03
   1.8450000e+00   1.0000000e+01   8.0190306e-03  -1.8362344e+00   2.5826042e-05   5.1619146e-03
   1.8600000e+00   1.0000000e+01   4.6545858e-03  -1.8306635e+00   6.8103496e-05   5.3641824e-03
   1.8750000e+00   1.0000000e+01   9.4447082e-03  -1.8246925e+00   2.8944263e-07   5.1919616e-03
   1.8900000e+00   1.0000000e+01   9.4127629e-03  -1.8163283e+00   3.2264054e-07   5.4044046e-03
   1.9050000e+00   1.0000000e+01   9.3809013e-03  -1.8085223e+00   3.7680312e-07   5.6110439e-03
   1.9200000e+00   1.0000000e+01   9.2971733e-03  -1.7905607e+00   5.2965532e-07   6.3332431e-03
   1.9350000e+00   1.0000000e+01   9.2978309e-03  -1.7881639e+00   4.5136977e-07   6.1480333e-03
   1.9500000e+00   1.0000000e+01   9.2402843e-03  -1.7778442e+00   7.1191630e-07   6.5389480e-03
   1.9650000e+00   1.0000000e+01   9.2346068e-03  -1.7714336e+00   5.0399640e-07   6.3930047e-03
   1.9800000e+00   1.0000000e+01   9.1877048e-03  -1.7601569e+00   5.5849731e-07   6.6761636e-03
   1.9950000e+00   1.0000000e+01   9.1439155e-03  -1.7505967e+00   6.2298623e-07   6.8868520e-03
   2.0100000e+00   1.0000000e+01   1.9761373e-04  -1.7447189e+00   8.3865491e-05   7.1525594e-03
   2.0250000e+00   1.0000000e+01   5.0793760e-03  -1.7252289e+00   5.6305301e-05   7.8031561e-03
   2.0400000e+00   1.0000000e+01   6.2777002e-03  -1.7179706e+00   4.2322682e-05   7.7962002e-03
   2.0550000e+00   1.0000000e+01   3.7054011e-03  -1.6984749e+00   6.6290800e-05   8.6054892e-03
   2.0700000e+00   1.0000000e+01   3.8615033e-03  -1.6912952e+00   6.4611316e-05   8.5309051e-03
   2.0850000e+00   1.0000000e+01   4.1555897e-03  -1.6733618e+00   6.0869971e-05   9.4160731e-03
   2.1000000e+00   1.0000000e+01   1.6880239e-03  -1.6620596e+00   7.4173232e-05   9.3255075e-03
   2.1150000e+00   1.0000000e+01   1.9461951e-03  -1.6445954e+00   7.1818153e-05   9.9558385e-03
   2.1300000e+00   1.0000000e+01   1.9661814e-03  -1.6344728e+00   7.1137019e-05   9.9000995e-03
   2.1450000e+00   1.0000000e+01   2.5018465e-03  -1.6170488e+00   6.7194118e-05   1.0285813e-02
   2.1600000e+00   1.0000000e+01   1.2966347e-03  -1.5995398e+00   7.0093661e-05   1.1289834e-02
   2.1750000e+00   1.0000000e+01   3.2762813e-03  -1.5866257e+00   6.0285315e-05   1.0822430e-02
   2.1900000e+00   1.0000000e+01   1.9838217e-03  -1.5656894e+00   6.5290712e-05   1.1126237e-02
   2.2050000e+00   1.0000000e+01   4.3050160e-04  -1.5504907e+00   6.7367643e-05   1.1580182e-02
   2.2200000e+00   1.0000000e+01   4.4896227e-04  -1.5397425e+00   6.6837535e-05   1.1489133e-02
   2.2350000e+00   1.0000000e+01   1.9374375e-03  -1.5168066e+00   6.0770089e-05   1.2289644e-02
   2.2500000e+00   1.0000000e+01   1.9684510e-03  -1.5068065e+00   6.0345212e-05   1.1820102e-02
   2.2650000e+00   1.0000000e+01   8.3121633e-04  -1.4806266e+00   6.0911122e-05   1.2531962e-02
   2.2800000e+00   1.0000000e+01   9.1656333e-04  -1.4528483e+00   5.8196704e-05   1.3427324e-02
   2.2950000e+00   1.0000000e+01   2.1798407e-04  -1.4405213e+00   5.8071257e-05   1.3165957e-02
   2.3100000e+00   1.0000000e+01   1.1408613e-03  -1.4286594e+00   5.5997739e-05   1.2576178e-02
   2.3250000e+00   1.0000000e+01   2.4914860e-04  -1.4018036e+00   5.4304572e-05   1.3253803e-02
   2.3400000e+00   1.0000000e+01   1.0135995e-03  -1.3796625e+00   5.1511015e-05   1.3263486e-02
   2.3550000e+00   1.0000000e+01   5.9104920e-04  -1.3565503e+00   4.9905740e-05   1.3086860e-02
   2.3700000e+00   1.0000000e+01   5.6200040e-04  -1.3384248e+00   4.8415902e-05   1.3188309e-02
   2.3850000e+00   1.0000000e+01   6.3706807e-04  -1.3372099e+00   4.8618845e-05   1.2828122e-02
   2.4000000e+00   1.0000000e+01   6.2565540e-04  -1.3106456e+00   4.6036852e-05   1.2795734e-02
   2.4150000e+00   1.0000000e+01   1.1868917e-03  -1.2812691e+00   4.1993065e-05   1.2697943e-02
   2.4300000e+00   1.0000000e+01   4.3830553e-04  -1.2635477e+00   4.2054757e-05   1.2638534e-02
   2.4450000e+00   1.0000000e+01   8.2119800e-04  -1.2542188e+00   4.0781889e-05   1.2260323e-02
   2.4600000e+00   1.0000000e+01   9.3748787e-04  -1.2278401e+00   3.8221604e-05   1.2233185e-02
   2.4750000e+00   1.0000000e+01   2.7935373e-04  -1.2151549e+00   3.7962357e-05   1.1695619e-02
   2.4900000e+00   1.0000000e+01   4.4343540e-04  -1.1902689e+00   3.5474593e-05   1.1648763e-02
   2.5050000e+00   1.0000000e+01   5.6894680e-04  -1.1807079e+00   3.4677866e-05   1.0939119e-02
   2.5200000e+00   1.0000000e+01   4.9065000e-04  -1.1542826e+00   3.2440312e-05   1.1026262e-02
   2.5350000e+00   1.0000000e+01   3.0545373e-04  -1.1448220e+00   3.1738019e-05   1.0581364e-02
   2.5500000e+00   1.0000000e+01   2.8140267e-04  -1.1258712e+00   3.0334796e-05   1.0070280e-02
   2.5650000e+00   1.0000000e+01   2.9046667e-04  -1.1096192e+00   2.9299892e-05   1.0176735e-02
   2.5800000e+00   1.0000000e+01   8.9905000e-05  -1.1032145e+00   2.8656245e-05   9.9531673e-03
   2.5950000e+00   1.0000000e+01   1.8988820e-04  -1.0920053e+00   2.8080735e-05   9.5695083e-03
   2.6100000e+00   1.0000000e+01   3.6045413e-04  -1.0668197e+00   2.5742965e-05   8.8155579e-03
   2.6250000e+00   1.0000000e+01   2.9963920e-04  -1.0520404e+00   2.4503747e-05   8.7012088e-03
   2.6400000e+00   1.0000000e+01   5.9064253e-04  -1.0466275e+00   2.4289501e-05   8.4351494e-03
   2.6550000e+00   1.0000000e+01   1.7678767e-04  -1.0326521e+00   2.3353611e-05   8.2109411e-03
   2.6700000e+00   1.0000000e+01   1.3187373e-04  -1.0246531e+00   2.3186553e-05   8.1416953e-03
   2.6850000e+00   1.0000000e+01   4.7102753e-04  -1.0020676e+00   2.1144671e-05   7.7347395e-03
   2.7000000e+00   1.0000000e+01   1.0829360e-04  -1.0007876e+00   2.1637606e-05   7.7262515e-03
   2.7150000e+00   1.0000000e+01   5.2151267e-05  -9.8891803e-01   2.0500387e-05   7.2553427e-03
   2.7300000e+00   1.0000000e+01   2.2795147e-04  -9.7225917e-01   1.9073946e-05   6.8914777e-03
   2.7450000e+00   1.0000000e+01   9.6427333e-06  -9.6361780e-01   1.8737157e-05   6.8033956e-03
   2.7600000e+00   1.0000000e+01   1.7056593e-04  -9.5500736e-01   1.7976048e-05   6.5775983e-03
   2.7750000e+00   1.0000000e+01   1.1788333e-04  -9.4163043e-01   1.6989218e-05   6.3450642e-03
   2.7900000e+00   1.0000000e+01   5.3601800e-05  -9.3151051e-01   1.6732134e-05   6.2310218e-03
   2.8050000e+00   1.0000000e+01   2.3146607e-04  -9.2421836e-01   1.6007804e-05   6.0703887e-03
   2.8200000e+00   1.0000000e+01   3.1826267e-05  -9.1381901e-01   1.5440542e-05   6.0564191e-03
   2.8350000e+00   1.0000000e+01   4.0275133e-05  -9.1047013e-01   1.5701533e-05   5.9513540e-03
   2.8500000e+00   1.0000000e+01   4.1595267e-05  -9.0074476e-01   1.5182689e-05   5.6411394e-03
   2.8650000e+00   1.0000000e+01   8.8306200e-05  -8.9515192e-01   1.4896358e-05   5.5249050e-03
   2.8800000e+00   1.0000000e+01   1.6228553e-04  -8.7994511e-01   1.3806641e-05   5.3164652e-03
   2.8950000e+00   1.0000000e+01   7.9543667e-05  -8.7143709e-01   1.3391626e-05   5.0529418e-03
   2.9100000e+00   1.0000000e+01   6.2672333e-05  -8.7015993e-01   1.3872687e-05   5.2030111e-03
   2.9250000e+00   1.0000000e+01   7.1458267e-05  -8.6054248e-01   1.2843838e-05   4.9706442e-03
   2.9400000e+00   1.0000000e+01   2.7141060e-04  -8.5254667e-01   1.2268149e-05   4.7759282e-03
   2.9550000e+00   1.0000000e+01   1.1205007e-04  -8.4658711e-01   1.2533239e-05   4.7519206e-03
   2.9700000e+00   1.0000000e+01   1.7110067e-04  -8.4316745e-01   1.2127625e-05   4.5921850e-03
   2.9850000e+00   1.0000000e+01   1.1356733e-04  -8.2972636e-01   1.1711249e-05   4.5423799e-03
   3.0000000e+00   1.0000000e+01   8.3386933e-05  -8.2204441e-01   1.1144212e-05   4.4305630e-03
   3.0150000e+00   1.0000000e+01   2.8760453e-04  -8.1978569e-01   1.1177135e-05   4.2149528e-03
   3.0300000e+00   1.0000000e+01   1.2605333e-05  -8.1214437e-01   1.0656712e-05   4.1794498e-03
   3.0450000e+00   1.0000000e+01   6.1569067e-05  -8.0619709e-01   1.0405534e-05   4.1547853e-03
   3.0600000e+00   1.0000000e+01   5.1516667e-06  -7.9545165e-01   1.0043519e-05   3.9179391e-03
   3.0750000e+00   1.0000000e+01   1.2850133e-05  -7.8893177e-01   9.6300013e-06   3.9260689e-03
   3.0900000e+00   1.0000000e+01   1.2711560e-04  -7.8954320e-01   1.0090917e-05   3.8977141e-03
   3.1050000e+00   1.0000000e+01   1.7845333e-06  -7.8241533e-01   9.6550041e-06   3.7769620e-03
   3.1200000e+00   1.0000000e+01   7.7186000e-05  -7.7441491e-01   9.2917004e-06   3.6917357e-03
   3.1350000e+00   1.0000000e+01   2.9073667e-05  -7.7600588e-01   9.4331188e-06   3.7346716e-03
   3.1500000e+00   1.0000000e+01   3.7272667e-05  -7.6445683e-01   8.8092108e-06   3.5792207e-03
   3.1650000e+00   1.0000000e+01   2.2499467e-05  -7.6012031e-01   8.6328791e-06   3.5025752e-03
   3.1800000e+00   1.0000000e+01   7.4898000e-06  -7.5605076e-01   8.6512097e-06   3.4922717e-03
   3.1950000e+00   1.0000000e+01   5.1675133e-05  -7.5062051e-01   8.5188006e-06   3.3896022e-03
   3.2100000e+00   1.0000000e+01   8.9099200e-05  -7.4522352e-01   8.3097158e-06   3.3983716e-03
   3.2250000e+00   1.0000000e+01   8.2263333e-05  -7.4023600e-01   8.2640786e-06   3.3136967e-03
   3.2400000e+00   1.0000000e+01   4.4288067e-05  -7.3909113e-01   8.2069226e-06   3.2834330e-03
   3.2550000e+00   1.0000000e+01   1.0980753e-04  -7.3126184e-01   7.7968441e-06   3.1845241e-03
   3.2700000e+00   1.0000000e+01   2.0324467e-05  -7.2181931e-01   7.6093341e-06   3.1499392e-03
   3.2850000e+00   1.0000000e+01   1.8389333e-06  -7.1972275e-01   7.5454755e-06   3.0548789e-03
   3.3000000e+00   1.0000000e+01   2.3596933e-05  -7.1447520e-01   7.3766759e-06   2.9818463e-03
   3.3150000e+00   1.0000000e+01   4.3202667e-06  -7.1002733e-01   7.3508162e-06   3.0276930e-03
   3.3300000e+00   1.0000000e+01   1.1893833e-04  -7.1010600e-01   7.4115054e-06   2.9884196e-03
   3.3450000e+00   1.0000000e+01   1.4288400e-05  -7.0705663e-01   7.2767376e-06   2.9289438e-03
   3.3600000e+00   1.0000000e+01   6.4508733e-05  -6.9697440e-01   6.8690616e-06   2.8043182e-03
   3.3750000e+00   1.0000000e+01   2.2288600e-05  -6.9275565e-01   6.7252347e-06   2.8081457e-03
   3.3900000e+00   1.0000000e+01   6.2754333e-05  -6.9097795e-01   6.7904161e-06   2.8040513e-03
   3.4050000e+00   1.0000000e+01   5.3860067e-05  -6.8567699e-01   6.6712460e-06   2.6967684e-03
   3.4200000e+00   1.0000000e+01   4.5661733e-05  -6.8419177e-01   6.6212555e-06   2.6839982e-03
   3.4350000e+00   1.0000000e+01   1.0618187e-04  -6.8009285e-01   6.6339566e-06   2.7180731e-03
   3.4500000e+00   1.0000000e+01   4.4547800e-05  -6.7392841e-01   6.3602839e-06   2.6019915e-03
   3.4650000e+00   1.0000000e+01   1.4115333e-05  -6.6939119e-01   6.1390349e-06   2.5086376e-03
   3.4800000e+00   1.0000000e+01   2.2950267e-05  -6.6017633e-01   5.8573230e-06   2.4830107e-03
   3.4950000e+00   1.0000000e+01   1.4323067e-05  -6.6202549e-01   6.1492511e-06   2.5202105e-03
   3.5100000e+00   1.0000000e+01   5.5842667e-06  -6.6219749e-01   6.1479993e-06   2.4731197e-03
   3.5250000e+00   1.0000000e+01   4.0871267e-05  -6.5394821e-01   5.9837859e-06   2.4570954e-03
   3.5400000e+00   1.0000000e+01   3.5630533e-05  -6.5412347e-01   5.9749301e-06   2.4553457e-03
   3.5550000e+00   1.0000000e+01   4.4421867e-05  -6.4765793e-01   5.7465449e-06   2.3637948e-03
   3.5700000e+00   1.0000000e+01   1.2599600e-05  -6.4491001e-01   5.8220398e-06   2.4102591e-03
   3.5850000e+00   1.0000000e+01   2.5163333e-06  -6.4089212e-01   5.7088063e-06   2.3515443e-03
   3.6000000e+00   1.0000000e+01   9.5832533e-05  -6.4056275e-01   5.7528137e-06   2.2717099e-03
   3.6150000e+00   1.0000000e+01   3.5231933e-05  -6.3095564e-01   5.2834522e-06   2.1970133e-03
   3.6300000e+00   1.0000000e+01   5.2385333e-06  -6.2726768e-01   5.3813309e-06   2.2327208e-03
   3.6450000e+00   1.0000000e+01   3.0103067e-05  -6.2684951e-01   5.3875168e-06   2.2407552e-03
   3.6600000e+00   1.0000000e+01   2.8584200e-05  -6.2257928e-01   5.3278858e-06   2.1967526e-03
   3.6750000e+00   1.0000000e+01   6.0407333e-05  -6.1960096e-01   5.2262155e-06   2.1707369e-03
   3.6900000e+00   1.0000000e+01   5.4088533e-05  -6.1799133e-01   5.3140373e-06   2.1339097e-03
   3.7050000e+00   1.0000000e+01   6.5100667e-06  -6.1715211e-01   5.2624121e-06   2.1420969e-03
   3.7200000e+00   1.0000000e+01   2.4030333e-05  -6.1136748e-01   5.1118443e-06   2.0989641e-03
   3.7350000e+00   1.0000000e+01   5.6682400e-05  -6.1079236e-01   5.2632066e-06   2.1003316e-03
   3.7500000e+00   1.0000000e+01   3.6469400e-05  -6.0351085e-01   4.8602652e-06   2.0299304e-03
   3.7650000e+00   1.0000000e+01   6.8747933e-05  -6.0111223e-01   4.9369071e-06   2.0443576e-03
   3.7800000e+00   1.0000000e+01   2.4605467e-05  -5.9809824e-01   4.8720912e-06   2.0154100e-03
   3.7950000e+00   1.0000000e+01   2.2721267e-05  -5.9516729e-01   4.8713202e-06   1.9761547e-03
   3.8100000e+00   1.0000000e+01   1.0942667e-05  -5.9374479e-01   4.8890462e-06   1.9679455e-03
   3.8250000e+00   1.0000000e+01   7.3775333e-06  -5.8916839e-01   4.6263425e-06   1.9125485e-03
   3.8400000e+00   1.0000000e+01   7.8418267e-05  -5.8571305e-01   4.6791640e-06   1.9188348e-03
   3.8550000e+00   1.0000000e+01   8.1369333e-06  -5.8244791e-01   4.7210881e-06   1.9070650e-03
   3.8700000e+00   1.0000000e+01   1.3219867e-05  -5.7953329e-01   4.5031648e-06   1.8615831e-03
   3.8850000e+00   1.0000000e+01   1.9888667e-05  -5.7778719e-01   4.5362180e-06   1.8591669e-03
   3.9000000e+00   1.0000000e+01   1.0273000e-05  -5.7601693e-01   4.5117070e-06   1.8423530e-03
   3.9150000e+00   1.0000000e+01   8.9596667e-06  -5.7440127e-01   4.5124965e-06   1.8517292e-03
   3.9300000e+00   1.0000000e+01   5.3769133e-05  -5.6821128e-01   4.3877255e-06   1.7815522e-03
   3.9450000e+00   1.0000000e+01   2.0168667e-06  -5.6804272e-01   4.4409463e-06   1.7887882e-03
   3.9600000e+00   1.0000000e+01   6.7867333e-06  -5.6109805e-01   4.2636532e-06   1.7401503e-03
   3.9750000e+00   1.0000000e+01   3.4729600e-05  -5.5970437e-01   4.2597742e-06   1.7370734e-03
   3.9900000e+00   1.0000000e+01   4.1022000e-06  -5.5916207e-01   4.3754294e-06   1.7415709e-03
   4.0050000e+00   1.0000000e+01   4.8860000e-07  -5.5670405e-01   4.3093096e-06   1.7255309e-03
   4.0200000e+00   1.0000000e+01   3.0870467e-05  -5.5624324e-01   4.2370980e-06   1.7051058e-03
   4.0350000e+00   1.0000000e+01   4.0878333e-05  -5.4949843e-01   4.1498402e-06   1.6553910e-03
   4.0500000e+00   1.0000000e+01   1.5961867e-05  -5.4691744e-01   4.1709173e-06   1.6649024e-03
   4.0650000e+00   1.0000000e+01   3.1467133e-05  -5.4743829e-01   4.1247051e-06   1.6425220e-03
   4.0800000e+00   1.0000000e+01   4.1974667e-06  -5.4257365e-01   4.0578000e-06   1.6257873e-03
   4.0950000e+00   1.0000000e+01   9.5793333e-07  -5.4137364e-01   4.0454343e-06   1.6150237e-03
   4.1100000e+00   1.0000000e+01   5.2131000e-05  -5.3972979e-01   4.0148438e-06   1.5953532e-03
   4.1250000e+00   1.0000000e+01   6.7634667e-06  -5.3684501e-01   3.9977263e-06   1.5657022e-03
   4.1400000e+00   1.0000000e+01   1.2278667e-06  -5.3447403e-01   4.0661835e-06   1.5752208e-03
   4.1550000e+00   1.0000000e+01   3.1927867e-05  -5.3198903e-01   3.9052132e-06   1.5522669e-03
   4.1700000e+00   1.0000000e+01   7.9627333e-06  -5.2809121e-01   3.8173001e-06   1.5291638e-03
   4.1850000e+00   1.0000000e+01   1.4293000e-05  -5.2668403e-01   3.8744527e-06   1.5063538e-03
   4.2000000e+00   1.0000000e+01   9.1688667e-06  -5.2688775e-01   3.8007841e-06   1.4871178e-03
   4.2150000e+00   1.0000000e+01   1.5111267e-05  -5.2386893e-01   3.8598156e-06   1.4925786e-03
   4.2300000e+00   1.0000000e+01   2.6397800e-05  -5.2136443e-01   3.8315598e-06   1.4819486e-03
   4.2450000e+00   1.0000000e+01   3.0705333e-06  -5.1806695e-01   3.7582728e-06   1.4564850e-03
   4.2600000e+00   1.0000000e+01   3.6551600e-05  -5.1805323e-01   3.8080497e-06   1.4693610e-03
   4.2750000e+00   1.0000000e+01   5.8345333e-05  -5.1248216e-01   3.6315549e-06   1.4512459e-03
   4.2900000e+00   1.0000000e+01   8.7774667e-06  -5.1215497e-01   3.6993471e-06   1.4330130e-03
   4.3050000e+00   1.0000000e+01   2.3814133e-05  -5.0963363e-01   3.6012742e-06   1.3867854e-03
   4.3200000e+00   1.0000000e+01   2.3316200e-05  -5.0650233e-01   3.6400237e-06   1.4127222e-03
   4.3350000e+00   1.0000000e+01   3.8695333e-06  -5.0651035e-01   3.5405476e-06   1.3835664e-03
   4.3500000e+00   1.0000000e+01   3.8546667e-06  -5.0263291e-01   3.4943298e-06   1.3823753e-03
   4.3650000e+00   1.0000000e+01   8.8930000e-06  -5.0173208e-01   3.5849724e-06   1.3732162e-03
   4.3800000e+00   1.0000000e+01   2.4109333e-06  -4.9836171e-01   3.5903903e-06   1.3519498e-03
   4.3950000e+00   1.0000000e+01   9.0844000e-06  -4.9526483e-01   3.5156993e-06   1.3359505e-03
   4.4100000e+00   1.0000000e+01   3.9111400e-05  -4.9539421e-01   3.4609075e-06   1.3226755e-03
   4.4250000e+00   1.0000000e+01   1.0138067e-05  -4.9437876e-01   3.5053723e-06   1.3262993e-03
   4.4400000e+00   1.0000000e+01   1.3466133e-05  -4.9245717e-01   3.5088423e-06   1.3072690e-03
   4.4550000e+00   1.0000000e+01   5.8289400e-05  -4.9079751e-01   3.4426030e-06   1.3064320e-03
   4.4700000e+00   1.0000000e+01   4.8755333e-06  -4.8762421e-01   3.4547437e-06   1.2956211e-03
   4.4850000e+00   1.0000000e+01   3.4556667e-06  -4.8614333e-01   3.3665516e-06   1.2732995e-03
   4.5000000e+00   1.0000000e+01   2.4640333e-05  -4.8285087e-01   3.3845736e-06   1.2565570e-03
   1.5000000e-02   2.0000000e+01   2.5000000e-03  -2.0000000e+00   7.0200651e-16   0.0000000e+00
   3.0000000e-02   2.0000000e+01   2.5000000e-03  -2.0000000e+00   7.0200651e-16   0.0000000e+00
   4.5000000e-02   2.0000000e+01   2.5000000e-03  -2.0000000e+00   7.0200651e-16   0.0000000e+00
   6.0000000e-02   2.0000000e+01   2.5000000e-03  -2.0000000e+00   7.0200651e-16   0.0000000e+00
   7.5000000e-02   2.0000000e+01   2.5000000e-03  -2.0000000e+00   7.0200651e-16   0.0000000e+00
   9.0000000e-02   2.0000000e+01   2.5000000e-03  -2.0000000e+00   7.0200651e-16   0.0000000e+00
   1.0500000e-01   2.0000000e+01   2.5000000e-03  -2.0000000e+00   7.0200651e-16   0.0000000e+00
   1.2000000e-01   2.0000000e+01   2.5000000e-03  -2.0000000e+00   7.0200651e-16   0.0000000e+00
   1.3500000e-01   2.0000000e+01   2.5000000e-03  -2.0000000e+00   7.0200651e-16   0.0000000e+00
   1.5000000e-01   2.0000000e+01   2.5000000e-03  -2.0000000e+00   7.0200651e-16   0.0000000e+00
   1.6500000e-01   2.0000000e+01   2.5000000e-03  -2.0000000e+00   7.0200651e-16   0.0000000e+00
   1.8000000e-01   2.0000000e+01   2.5000000e-03  -2.0000000e+00   7.0200651e-16   0.0000000e+00
   1.9500000e-01   2.0000000e+01   2.5000000e-03  -2.0000000e+00   7.0200651e-16   0.0000000e+00
   2.1000000e-01   2.0000000e+01   2.5000000e-03  -2.0000000e+00   7.0200651e-16   0.0000000e+00
   2.2500000e-01   2.0000000e+01   2.5000000e-03  -2.0000000e+00   7.0200651e-16   0.0000000e+00
   2.4000000e-01   2.0000000e+01   2.5000000e-03  -2.0000000e+00   7.0200651e-16   0.0000000e+00
   2.5500000e-01   2.0000000e+01   2.5000000e-03  -2.0000000e+00   7.0200651e-16   0.0000000e+00
   2.7000000e-01   2.0000000e+01   2.5000000e-03  -2.0000000e+00   7.0200651e-16   0.0000000e+00
   2.8500000e-01   2.0000000e+01   2.5000000e-03  -2.0000000e+00   7.0200651e-16   0.0000000e+00
   3.0000000e-01   2.0000000e+01   2.5000000e-03  -2.0000000e+00   7.0200651e-16   0.0000000e+00
   3.1500000e-01   2.0000000e+01   2.5000000e-03  -2.0000000e+00   7.0200651e-16   0.0000000e+00
   3.3000000e-01   2.0000000e+01   2.5000000e-03  -2.0000000e+00   7.0200651e-16   0.0000000e+00
   3.4500000e-01   2.0000000e+01   2.5000000e-03  -2.0000000e+00   7.0200651e-16   0.0000000e+00
   3.6000000e-01   2.0000000e+01   2.5000000e-03  -2.0000000e+00   7.0200651e-16   0.0000000e+00
   3.7500000e-01   2.0000000e+01   2.5000000e-03  -2.0000000e+00   7.0200651e-16   0.0000000e+00
   3.9000000e-01   2.0000000e+01   2.5000000e-03  -2.0000000e+00   7.0200651e-16   0.0000000e+00
   4.0500000e-01   2.0000000e+01   2.5000000e-03  -2.0000000e+00   7.0200651e-16   0.0000000e+00
   4.2000000e-01   2.0000000e+01   2.5000000e-03  -2.0000000e+00   7.0200651e-16   0.0000000e+00
   4.3500000e-01   2.0000000e+01   2.5000000e-03  -2.0000000e+00   7.0200651e-16   0.0000000e+00
   4.5000000e-01   2.0000000e+01   2.5000000e-03  -2.0000000e+00   7.0200651e-16   0.0000000e+00
   4.6500000e-01   2.0000000e+01   2.5000000e-03  -2.0000000e+00   7.0200651e-16   0.0000000e+00
   4.8000000e-01   2.0000000e+01   2.4999998e-03  -1.9999997e+00   2.7332144e-15   2.2569167e-08
   4.9500000e-01   2.0000000e+01   2.4999996e-03  -1.9999994e+00   5.7539262e-15   5.2782054e-08
   5.1000000e-01   2.0000000e+01   2.4999999e-03  -1.9999998e+00   2.3165750e-15   1.5891168e-08
   5.2500000e-01   2.0000000e+01   2.4999988e-03  -1.9999981e+00   1.5713550e-14   1.3942704e-07
   5.4000000e-01   2.0000000e+01   2.4999993e-03  -1.9999988e+00   1.0050331e-14   8.2071043e-08
   5.5500000e-01   2.0000000e+01   2.4999988e-03  -1.9999980e+00   1.6130148e-14   1.2822348e-07
   5.7000000e-01   2.0000000e+01   2.4999962e-03  -1.9999939e+00   4.8486890e-14   3.7651291e-07
   5.8500000e-01   2.0000000e+01   2.4999934e-03  -1.9999895e+00   8.4786412e-14   6.1637697e-07
   6.0000000e-01   2.0000000e+01   2.4999913e-03  -1.9999860e+00   1.0987018e-13   7.7630828e-07
   6.1500000e-01   2.0000000e+01   2.4999905e-03  -1.9999848e+00   1.1964773e-13   8.0507906e-07
   6.3000000e-01   2.0000000e+01   2.4999882e-03  -1.9999810e+00   1.4866057e-13   9.5433041e-07
   6.4500000e-01   2.0000000e+01   2.4999795e-03  -1.9999672e+00   2.5642781e-13   1.5736026e-06
   6.6000000e-01   2.0000000e+01   2.4999786e-03  -1.9999657e+00   2.6831502e-13   1.5727456e-06
   6.7500000e-01   2.0000000e+01   2.4999699e-03  -1.9999520e+00   3.7811816e-13   2.1081689e-06
   6.9000000e-01   2.0000000e+01   2.4999493e-03  -1.9999190e+00   6.3132538e-13   3.3908756e-06
   7.0500000e-01   2.0000000e+01   2.4999476e-03  -1.9999161e+00   6.5314892e-13   3.3605242e-06
   7.2000000e-01   2.0000000e+01   2.4999147e-03  -1.9998638e+00   1.0664410e-12   5.2331955e-06
   7.3500000e-01   2.0000000e+01   2.4999113e-03  -1.9998586e+00   1.1305226e-12   5.2965250e-06
   7.5000000e-01   2.0000000e+01   2.4998760e-03  -1.9998025e+00   1.5793373e-12   7.0739929e-06
   7.6500000e-01   2.0000000e+01   2.4998525e-03  -1.9997647e+00   1.8695916e-12   8.0923688e-06
   7.8000000e-01   2.0000000e+01   2.4998253e-03  -1.9997227e+00   2.2804785e-12   9.3304966e-06
   7.9500000e-01   2.0000000e+01   2.4997752e-03  -1.9996423e+00   2.9068358e-12   1.1558821e-05
   8.1000000e-01   2.0000000e+01   2.4997396e-03  -1.9995858e+00   3.3564098e-12   1.2826282e-05
   8.2500000e-01   2.0000000e+01   2.4996580e-03  -1.9994559e+00   4.3644733e-12   1.6090050e-05
   8.4000000e-01   2.0000000e+01   2.4996202e-03  -1.9993988e+00   4.9836125e-12   1.7397899e-05
   8.5500000e-01   2.0000000e+01   2.4995632e-03  -1.9993088e+00   5.6507965e-12   1.9042660e-05
   8.7000000e-01   2.0000000e+01   2.4994772e-03  -1.9991718e+00   6.6844482e-12   2.1847340e-05
   8.8500000e-01   2.0000000e+01   2.4993773e-03  -1.9990147e+00   8.0839557e-12   2.5375215e-05
   9.0000000e-01   2.0000000e+01   2.4992504e-03  -1.9988122e+00   9.6725164e-12   2.9588781e-05
   9.1500000e-01   2.0000000e+01   2.4991802e-03  -1.9987005e+00   1.0726289e-11   3.1753062e-05
   9.3000000e-01   2.0000000e+01   2.4990237e-03  -1.9984584e+00   1.2878864e-11   3.6389526e-05
   9.4500000e-01   2.0000000e+01   2.4988597e-03  -1.9982027e+00   1.5185152e-11   4.1345639e-05
   9.6000000e-01   2.0000000e+01   2.4987487e-03  -1.9980275e+00   1.6564380e-11   4.3611547e-05
   9.7500000e-01   2.0000000e+01   2.4985038e-03  -1.9976458e+00   1.9840186e-11   5.0443075e-05
   9.9000000e-01   2.0000000e+01   2.4983471e-03  -1.9974078e+00   2.2159873e-11   5.3782569e-05
   1.0050000e+00   2.0000000e+01   2.4980584e-03  -1.9969581e+00   2.6253595e-11   6.1846874e-05
   1.0200000e+00   2.0000000e+01   2.4979523e-03  -1.9967912e+00   2.7857608e-11   6.3437825e-05
   1.0350000e+00   2.0000000e+01   2.4976008e-03  -1.9962442e+00   3.2536389e-11   7.1700689e-05
   1.0500000e+00   2.0000000e+01   2.4973160e-03  -1.9958040e+00   3.6973466e-11   7.9179435e-05
   1.0650000e+00   2.0000000e+01   2.4970591e-03  -1.9954150e+00   4.0359070e-11   8.3295447e-05
   1.0800000e+00   2.0000000e+01   2.4965085e-03  -1.9945668e+00   4.9000110e-11   9.7615876e-05
   1.0950000e+00   2.0000000e+01   2.4961555e-03  -1.9940344e+00   5.4680357e-11   1.0456932e-04
   1.1100000e+00   2.0000000e+01   2.4958149e-03  -1.9935024e+00   5.8717992e-11   1.0935495e-04
   1.1250000e+00   2.0000000e+01   2.4953608e-03  -1.9928268e+00   6.7206378e-11   1.1982487e-04
   1.1400000e+00   2.0000000e+01   2.4948120e-03  -1.9919731e+00   7.4832874e-11   1.3027858e-04
   1.1550000e+00   2.0000000e+01   2.4944961e-03  -1.9914966e+00   7.9585243e-11   1.3463056e-04
   1.1700000e+00   2.0000000e+01   2.4939772e-03  -1.9906990e+00   8.6003671e-11   1.4163434e-04
   1.1850000e+00   2.0000000e+01   2.4932717e-03  -1.9896750e+00   9.9473252e-11   1.5587945e-04
   1.2000000e+00   2.0000000e+01   2.4927530e-03  -1.9888616e+00   1.0694828e-10   1.6394187e-04
   1.2150000e+00   2.0000000e+01   2.4917606e-03  -1.9874034e+00   1.2482318e-10   1.8353816e-04
   1.2300000e+00   2.0000000e+01   2.4910097e-03  -1.9862785e+00   1.3537850e-10   1.9179656e-04
   1.2450000e+00   2.0000000e+01   2.4903421e-03  -1.9852749e+00   1.4639081e-10   2.0271641e-04
   1.2600000e+00   2.0000000e+01   2.4894850e-03  -1.9840360e+00   1.6404598e-10   2.1852283e-04
   1.2750000e+00   2.0000000e+01   2.4887221e-03  -1.9828950e+00   1.7639615e-10   2.2784067e-04
   1.2900000e+00   2.0000000e+01   2.4876681e-03  -1.9813685e+00   1.9289268e-10   2.4098873e-04
   1.3050000e+00   2.0000000e+01   2.4867150e-03  -1.9799637e+00   2.1176087e-10   2.5540386e-04
   1.3200000e+00   2.0000000e+01   2.4854269e-03  -1.9780403e+00   2.3597550e-10   2.7745284e-04
   1.3350000e+00   2.0000000e+01   2.4844229e-03  -1.9765970e+00   2.4689940e-10   2.8149230e-04
   1.3500000e+00   2.0000000e+01   2.4829653e-03  -1.9745453e+00   2.8286676e-10   3.0835970e-04
   1.3650000e+00   2.0000000e+01   2.4818772e-03  -1.9729176e+00   3.0151751e-10   3.2059189e-04
   1.3800000e+00   2.0000000e+01   2.4801763e-03  -1.9705510e+00   3.3775865e-10   3.4241401e-04
   1.3950000e+00   2.0000000e+01   2.4792393e-03  -1.9691992e+00   3.5110099e-10   3.4812963e-04
   1.4100000e+00   2.0000000e+01   2.4774335e-03  -1.9665803e+00   3.8975307e-10   3.6962254e-04
   1.4250000e+00   2.0000000e+01   2.4760021e-03  -1.9647227e+00   4.2034945e-10   3.8661276e-04
   1.4400000e+00   2.0000000e+01   2.4739952e-03  -1.9617937e+00   4.5853602e-10   4.1078194e-04
   1.4550000e+00   2.0000000e+01   2.4720129e-03  -1.9591205e+00   5.0561239e-10   4.2839874e-04
   1.4700000e+00   2.0000000e+01   2.4700179e-03  -1.9563025e+00   5.5398699e-10   4.5917937e-04
   1.4850000e+00   2.0000000e+01   2.4682221e-03  -1.9538475e+00   5.8340612e-10   4.6819289e-04
   1.5000000e+00   2.0000000e+01   2.4666437e-03  -1.9515674e+00   6.0879438e-10   4.8097941e-04
   1.5150000e+00   2.0000000e+01   2.4640837e-03  -1.9481312e+00   6.8442799e-10   5.1733211e-04
   1.5300000e+00   2.0000000e+01   2.4620989e-03  -1.9453088e+00   6.9989200e-10   5.2011036e-04
   1.5450000e+00   2.0000000e+01   2.4593017e-03  -1.9418528e+00   8.1775510e-10   5.5720893e-04
   1.5600000e+00   2.0000000e+01   2.4560672e-03  -1.9374015e+00   9.0630756e-10   6.0526842e-04
   1.5750000e+00   2.0000000e+01   2.4537518e-03  -1.9344675e+00   9.5170378e-10   6.1803933e-04
   1.5900000e+00   2.0000000e+01   2.4505420e-03  -1.9302579e+00   1.0627979e-09   6.4602238e-04
   1.6050000e+00   2.0000000e+01   2.4481665e-03  -1.9272399e+00   1.0950437e-09   6.5911900e-04
   1.6200000e+00   2.0000000e+01   2.4446422e-03  -1.9226931e+00   1.2157641e-09   6.9019196e-04
   1.6350000e+00   2.0000000e+01   2.4409869e-03  -1.9181672e+00   1.3374993e-09   7.1816059e-04
   1.6500000e+00   2.0000000e+01   2.4375931e-03  -1.9137429e+00   1.4519449e-09   7.5956558e-04
   1.6650000e+00   2.0000000e+01   2.4342271e-03  -1.9091992e+00   1.4784670e-09   7.7602419e-04
   1.6800000e+00   2.0000000e+01   2.4311310e-03  -1.9052120e+00   1.5685469e-09   7.9272250e-04
   1.6950000e+00   2.0000000e+01   2.4272339e-03  -1.9002767e+00   1.6851237e-09   8.2129153e-04
   1.7100000e+00   2.0000000e+01   2.4229928e-03  -1.8951096e+00   1.8388904e-09   8.6594709e-04
   1.7250000e+00   2.0000000e+01   2.4178806e-03  -1.8893991e+00   2.0655166e-09   8.9954688e-04
   1.7400000e+00   2.0000000e+01   2.4129597e-03  -1.8834891e+00   2.2803060e-09   9.3669990e-04
   1.7550000e+00   2.0000000e+01   2.4084084e-03  -1.8779333e+00   2.4260274e-09   9.8583982e-04
   1.7700000e+00   2.0000000e+01   2.4038187e-03  -1.8726277e+00   2.6258682e-09   1.0089920e-03
   1.7850000e+00   2.0000000e+01   2.3974035e-03  -1.8655537e+00   3.1446448e-09   1.0586046e-03
   1.8000000e+00   2.0000000e+01   2.3924764e-03  -1.8597364e+00   3.1489725e-09   1.0770135e-03
   1.8150000e+00   2.0000000e+01   2.3860352e-03  -1.8519803e+00   3.3057425e-09   1.1253003e-03
   1.8300000e+00   2.0000000e+01   2.3793454e-03  -1.8454495e+00   3.8845347e-09   1.1908474e-03
   1.8450000e+00   2.0000000e+01   2.3740575e-03  -1.8388769e+00   3.9575444e-09   1.2301941e-03
   1.8600000e+00   2.0000000e+01   2.3675635e-03  -1.8317387e+00   4.1964566e-09   1.2377051e-03
   1.8750000e+00   2.0000000e+01   2.3578549e-03  -1.8221117e+00   5.0359892e-09   1.3215060e-03
   1.8900000e+00   2.0000000e+01   2.3511830e-03  -1.8149181e+00   5.4841998e-09   1.3739642e-03
   1.9050000e+00   2.0000000e+01   2.3420219e-03  -1.8075382e+00   8.1843830e-09   1.4462730e-03
   1.9200000e+00   2.0000000e+01   2.3327689e-03  -1.7961184e+00   6.4898417e-09   1.4646746e-03
   1.9350000e+00   2.0000000e+01   2.3240495e-03  -1.7880468e+00   7.5350435e-09   1.5306156e-03
   1.9500000e+00   2.0000000e+01   2.3150444e-03  -1.7791962e+00   8.6840979e-09   1.5981293e-03
   1.9650000e+00   2.0000000e+01   2.3074862e-03  -1.7713850e+00   8.6222175e-09   1.6339377e-03
   1.9800000e+00   2.0000000e+01   2.2952586e-03  -1.7614480e+00   1.1675122e-08   1.7277545e-03
   1.9950000e+00   2.0000000e+01   2.2834584e-03  -1.7498558e+00   1.1154396e-08   1.7941437e-03
   2.0100000e+00   2.0000000e+01   2.2710070e-03  -1.7390355e+00   1.2262540e-08   1.8813254e-03
   2.0250000e+00   2.0000000e+01   2.2576148e-03  -1.7266446e+00   1.3319552e-08   1.8944295e-03
   2.0400000e+00   2.0000000e+01   2.2478102e-03  -1.7181245e+00   1.4433914e-08   1.9342153e-03
   2.0550000e+00   2.0000000e+01   2.2246256e-03  -1.7020268e+00   2.0230984e-08   2.1362645e-03
   2.0700000e+00   2.0000000e+01   2.2129499e-03  -1.6910726e+00   2.2196837e-08   2.1199836e-03
   2.0850000e+00   2.0000000e+01   2.2010843e-03  -1.6803732e+00   2.0247628e-08   2.1316314e-03
   2.1000000e+00   2.0000000e+01   2.1688639e-03  -1.6624358e+00   3.3648976e-08   2.4116511e-03
   2.1150000e+00   2.0000000e+01   2.1481179e-03  -1.6456668e+00   3.4896760e-08   2.4993696e-03
   2.1300000e+00   2.0000000e+01   2.1333947e-03  -1.6326898e+00   3.3570609e-08   2.5561821e-03
   2.1450000e+00   2.0000000e+01   2.1197690e-03  -1.6220303e+00   3.4886506e-08   2.6053081e-03
   2.1600000e+00   2.0000000e+01   2.0741021e-03  -1.5987247e+00   5.8904405e-08   2.8523794e-03
   2.1750000e+00   2.0000000e+01   2.0619852e-03  -1.5863442e+00   5.1556427e-08   2.8147375e-03
   2.1900000e+00   2.0000000e+01   1.7430590e-03  -1.5585028e+00   1.0489747e-06   3.0145269e-03
   2.2050000e+00   2.0000000e+01   6.8369436e-04  -1.5401225e+00   3.4598887e-06   3.5175708e-03
   2.2200000e+00   2.0000000e+01   1.2035924e-03  -1.5143695e+00   2.2893735e-06   3.6034127e-03
   2.2350000e+00   2.0000000e+01   4.9479044e-04  -1.4942462e+00   3.3540897e-06   3.7314360e-03
   2.2500000e+00   2.0000000e+01   1.0438997e-03  -1.4785641e+00   2.4258070e-06   3.6483902e-03
   2.2650000e+00   2.0000000e+01   7.0066167e-04  -1.4668309e+00   2.9639075e-06   3.5675867e-03
   2.2800000e+00   2.0000000e+01   6.2869542e-04  -1.4255748e+00   2.6514346e-06   4.0652091e-03
   2.2950000e+00   2.0000000e+01   8.5016343e-04  -1.4081588e+00   2.2380395e-06   4.0389499e-03
   2.3100000e+00   2.0000000e+01   1.3691425e-04  -1.3877461e+00   2.7909038e-06   4.2656930e-03
   2.3250000e+00   2.0000000e+01   4.3130684e-04  -1.3436344e+00   2.2096481e-06   4.2155985e-03
   2.3400000e+00   2.0000000e+01   1.1604040e-04  -1.3267234e+00   2.2655244e-06   4.1838973e-03
   2.3550000e+00   2.0000000e+01   1.5075486e-05  -1.3034875e+00   2.1049739e-06   4.1247372e-03
   2.3700000e+00   2.0000000e+01   2.4159010e-05  -1.2825728e+00   1.9491724e-06   3.7565568e-03
   2.3850000e+00   2.0000000e+01   1.0910985e-04  -1.2597274e+00   1.8053202e-06   3.6926791e-03
   2.4000000e+00   2.0000000e+01   2.2734314e-04  -1.2346526e+00   1.5462832e-06   3.4396231e-03
   2.4150000e+00   2.0000000e+01   8.9535982e-05  -1.2125944e+00   1.4351338e-06   3.3435043e-03
   2.4300000e+00   2.0000000e+01   1.1783535e-04  -1.1916655e+00   1.2865860e-06   3.0210447e-03
   2.4450000e+00   2.0000000e+01   1.5524612e-05  -1.1784629e+00   1.2313294e-06   3.0556702e-03
   2.4600000e+00   2.0000000e+01   9.5242941e-05  -1.1656636e+00   1.1647003e-06   2.8341434e-03
   2.4750000e+00   2.0000000e+01   4.9657914e-05  -1.1423514e+00   1.0090726e-06   2.6791000e-03
   2.4900000e+00   2.0000000e+01   4.0774809e-05  -1.1298471e+00   9.6515704e-07   2.6069724e-03
   2.5050000e+00   2.0000000e+01   6.5305044e-05  -1.1089149e+00   8.3250287e-07   2.4162906e-03
   2.5200000e+00   2.0000000e+01   1.1483813e-04  -1.0997892e+00   7.9612521e-07   2.2700576e-03
   2.5350000e+00   2.0000000e+01   7.2781676e-05  -1.0842781e+00   7.2379818e-07   2.2549022e-03
   2.5500000e+00   2.0000000e+01   4.5477060e-05  -1.0726413e+00   6.9145653e-07   2.1376321e-03
   2.5650000e+00   2.0000000e+01   2.8338382e-05  -1.0587256e+00   6.1392458e-07   2.0340231e-03
   2.5800000e+00   2.0000000e+01   8.7202753e-05  -1.0478074e+00   5.9666192e-07   1.9834581e-03
   2.5950000e+00   2.0000000e+01   1.3242947e-05  -1.0325271e+00   5.4451461e-07   1.8638531e-03
   2.6100000e+00   2.0000000e+01   7.6997667e-06  -1.0238774e+00   5.2431397e-07   1.8502296e-03
   2.6250000e+00   2.0000000e+01   3.1567365e-05  -1.0155797e+00   5.1847610e-07   1.7926723e-03
   2.6400000e+00   2.0000000e+01   2.2536363e-05  -1.0032250e+00   4.6499874e-07   1.7481365e-03
   2.6550000e+00   2.0000000e+01   4.1834828e-05  -9.9315680e-01   4.3029616e-07   1.6552758e-03
   2.6700000e+00   2.0000000e+01   6.0041069e-05  -9.8443806e-01   4.2986285e-07   1.6095620e-03
   2.6850000e+00   2.0000000e+01   1.0683177e-05  -9.7317788e-01   3.6712672e-07   1.5367894e-03
   2.7000000e+00   2.0000000e+01   3.4115802e-06  -9.6605895e-01   3.9282302e-07   1.5331313e-03
   2.7150000e+00   2.0000000e+01   1.6248108e-05  -9.5713737e-01   3.6125325e-07   1.5113779e-03
   2.7300000e+00   2.0000000e+01   4.7322831e-05  -9.4727515e-01   3.4184409e-07   1.4535246e-03
   2.7450000e+00   2.0000000e+01   6.7819687e-07  -9.3619251e-01   3.1727033e-07   1.4185366e-03
   2.7600000e+00   2.0000000e+01   1.3752644e-05  -9.3011010e-01   3.1029233e-07   1.3852860e-03
   2.7750000e+00   2.0000000e+01   1.6073740e-06  -9.2121871e-01   2.9153904e-07   1.3223699e-03
   2.7900000e+00   2.0000000e+01   4.6517418e-05  -9.1519339e-01   2.9790032e-07   1.3197966e-03
   2.8050000e+00   2.0000000e+01   1.2651578e-05  -9.0519831e-01   2.5488294e-07   1.2586877e-03
   2.8200000e+00   2.0000000e+01   1.9152839e-05  -8.9642751e-01   2.5974908e-07   1.2729914e-03
   2.8350000e+00   2.0000000e+01   3.0383577e-05  -8.8990027e-01   2.5382022e-07   1.2536704e-03
   2.8500000e+00   2.0000000e+01   2.1109964e-05  -8.8484163e-01   2.4875968e-07   1.1906350e-03
   2.8650000e+00   2.0000000e+01   1.0990142e-05  -8.7854557e-01   2.4588312e-07   1.1993242e-03
   2.8800000e+00   2.0000000e+01   1.0399053e-05  -8.6992118e-01   2.2803741e-07   1.1491007e-03
   2.8950000e+00   2.0000000e+01   1.7281070e-05  -8.6121034e-01   2.1852734e-07   1.1304880e-03
   2.9100000e+00   2.0000000e+01   3.0040342e-05  -8.5704031e-01   2.2621334e-07   1.1400639e-03
   2.9250000e+00   2.0000000e+01   2.0739552e-06  -8.4954187e-01   2.0964165e-07   1.1047806e-03
   2.9400000e+00   2.0000000e+01   8.8452885e-06  -8.4230670e-01   2.0151551e-07   1.0708621e-03
   2.9550000e+00   2.0000000e+01   1.7016627e-05  -8.3580294e-01   1.9388204e-07   1.0455685e-03
   2.9700000e+00   2.0000000e+01   5.8266479e-06  -8.2875155e-01   1.8611675e-07   1.0150881e-03
   2.9850000e+00   2.0000000e+01   1.1846078e-05  -8.2431954e-01   1.8068899e-07   1.0353951e-03
   3.0000000e+00   2.0000000e+01   7.6868698e-06  -8.1783056e-01   1.8523530e-07   1.0246163e-03
   3.0150000e+00   2.0000000e+01   6.2912812e-07  -8.1176105e-01   1.8117842e-07   9.7763032e-04
   3.0300000e+00   2.0000000e+01   2.4191820e-05  -8.0510851e-01   1.6597447e-07   9.6360810e-04
   3.0450000e+00   2.0000000e+01   1.0367856e-05  -7.9846503e-01   1.6062908e-07   9.4903700e-04
   3.0600000e+00   2.0000000e+01   1.6273015e-05  -7.9262616e-01   1.6209770e-07   9.4315081e-04
   3.0750000e+00   2.0000000e+01   5.0269344e-06  -7.8841292e-01   1.6178227e-07   9.4667351e-04
   3.0900000e+00   2.0000000e+01   1.0445269e-05  -7.8237832e-01   1.5310441e-07   9.0655425e-04
   3.1050000e+00   2.0000000e+01   5.9053865e-06  -7.7768963e-01   1.5111440e-07   8.9722014e-04
   3.1200000e+00   2.0000000e+01   2.2676146e-06  -7.7287043e-01   1.4949857e-07   8.7727135e-04
   3.1350000e+00   2.0000000e+01   2.1742266e-05  -7.6587425e-01   1.4571393e-07   8.6030123e-04
   3.1500000e+00   2.0000000e+01   1.6820458e-06  -7.6066366e-01   1.4395106e-07   8.5814691e-04
   3.1650000e+00   2.0000000e+01   1.8228250e-06  -7.5721760e-01   1.3830645e-07   8.3750100e-04
   3.1800000e+00   2.0000000e+01   3.9301104e-06  -7.5031811e-01   1.3286632e-07   8.1676963e-04
   3.1950000e+00   2.0000000e+01   2.0243647e-05  -7.4637198e-01   1.3473244e-07   8.1109312e-04
   3.2100000e+00   2.0000000e+01   1.5918542e-07  -7.4193935e-01   1.3402004e-07   7.9300967e-04
   3.2250000e+00   2.0000000e+01   2.3071292e-06  -7.3648728e-01   1.2718937e-07   7.9037269e-04
   3.2400000e+00   2.0000000e+01   3.2834792e-06  -7.3297161e-01   1.2554315e-07   7.7891531e-04
   3.2550000e+00   2.0000000e+01   1.1175439e-05  -7.2917443e-01   1.2770498e-07   7.7215233e-04
   3.2700000e+00   2.0000000e+01   6.6904167e-06  -7.2546126e-01   1.2713245e-07   7.6418602e-04
   3.2850000e+00   2.0000000e+01   8.6915208e-06  -7.2069264e-01   1.2014256e-07   7.4474684e-04
   3.3000000e+00   2.0000000e+01   4.1036198e-06  -7.1393716e-01   1.1621150e-07   7.2720469e-04
   3.3150000e+00   2.0000000e+01   9.5189479e-06  -7.0815379e-01   1.1622385e-07   7.3101838e-04
   3.3300000e+00   2.0000000e+01   6.6028677e-06  -7.0550853e-01   1.1417995e-07   7.2682232e-04
   3.3450000e+00   2.0000000e+01   1.4766229e-06  -7.0064660e-01   1.1178704e-07   6.9894748e-04
   3.3600000e+00   2.0000000e+01   2.1362208e-06  -6.9637424e-01   1.0769356e-07   6.9673666e-04
   3.3750000e+00   2.0000000e+01   1.4701333e-06  -6.9247791e-01   1.1083937e-07   6.7942489e-04
   3.3900000e+00   2.0000000e+01   7.6102260e-06  -6.8797331e-01   1.0730229e-07   6.7242028e-04
   3.4050000e+00   2.0000000e+01   8.9867542e-06  -6.8525054e-01   1.0156947e-07   6.6130854e-04
   3.4200000e+00   2.0000000e+01   2.1809385e-06  -6.8028412e-01   1.0150013e-07   6.7264929e-04
   3.4350000e+00   2.0000000e+01   5.4418458e-06  -6.7639720e-01   9.8747646e-08   6.5405518e-04
   3.4500000e+00   2.0000000e+01   8.1377500e-07  -6.7417271e-01   1.0093335e-07   6.4169545e-04
   3.4650000e+00   2.0000000e+01   5.3384885e-06  -6.6843488e-01   1.0045046e-07   6.4957192e-04
   3.4800000e+00   2.0000000e+01   8.8348698e-06  -6.6420868e-01   9.4136649e-08   6.2117043e-04
   3.4950000e+00   2.0000000e+01   1.0239445e-05  -6.6035628e-01   9.7293416e-08   6.1615173e-04
   3.5100000e+00   2.0000000e+01   1.4422828e-05  -6.5733703e-01   9.5111165e-08   6.1655271e-04
   3.5250000e+00   2.0000000e+01   8.1121594e-06  -6.5430354e-01   9.3568462e-08   6.0239452e-04
   3.5400000e+00   2.0000000e+01   1.6427708e-07  -6.5053471e-01   9.1225128e-08   5.9651113e-04
   3.5550000e+00   2.0000000e+01   2.8444302e-06  -6.4744997e-01   9.1526599e-08   5.9194824e-04
   3.5700000e+00   2.0000000e+01   3.1046469e-06  -6.4279191e-01   9.0328097e-08   5.8052779e-04
   3.5850000e+00   2.0000000e+01   3.6183187e-06  -6.3919271e-01   8.7610946e-08   5.7647028e-04
   3.6000000e+00   2.0000000e+01   1.0682865e-06  -6.3668585e-01   8.8948781e-08   5.6332489e-04
   3.6150000e+00   2.0000000e+01   3.5718417e-06  -6.3279309e-01   8.7843653e-08   5.7099858e-04
   3.6300000e+00   2.0000000e+01   1.0635000e-06  -6.2890489e-01   8.6207203e-08   5.6066274e-04
   3.6450000e+00   2.0000000e+01   1.9464802e-06  -6.2652084e-01   8.4424831e-08   5.4916533e-04
   3.6600000e+00   2.0000000e+01   3.8966042e-06  -6.2188100e-01   8.0368346e-08   5.4611073e-04
   3.6750000e+00   2.0000000e+01   5.8117813e-07  -6.1999181e-01   8.3058247e-08   5.3902061e-04
   3.6900000e+00   2.0000000e+01   9.6540417e-07  -6.1691155e-01   8.3206772e-08   5.3314394e-04
   3.7050000e+00   2.0000000e+01   5.1304917e-06  -6.1424142e-01   7.9764283e-08   5.2241173e-04
   3.7200000e+00   2.0000000e+01   2.4156823e-06  -6.0987021e-01   7.9147487e-08   5.1854802e-04
   3.7350000e+00   2.0000000e+01   4.6255521e-06  -6.0695760e-01   7.6889266e-08   5.1332441e-04
   3.7500000e+00   2.0000000e+01   9.3211323e-06  -6.0574092e-01   7.8177072e-08   5.1329522e-04
   3.7650000e+00   2.0000000e+01   1.9695854e-06  -6.0045835e-01   7.7612954e-08   5.0090314e-04
   3.7800000e+00   2.0000000e+01   3.3045531e-06  -5.9749526e-01   7.4910412e-08   4.8959527e-04
   3.7950000e+00   2.0000000e+01   1.8718281e-06  -5.9420078e-01   7.4357741e-08   4.9294206e-04
   3.8100000e+00   2.0000000e+01   1.6008385e-06  -5.9270881e-01   7.6566783e-08   4.9145972e-04
   3.8250000e+00   2.0000000e+01   1.6518615e-06  -5.8782323e-01   7.4115563e-08   4.7799744e-04
   3.8400000e+00   2.0000000e+01   9.8115479e-06  -5.8527187e-01   7.2622114e-08   4.8296952e-04
   3.8550000e+00   2.0000000e+01   4.7303281e-06  -5.8353870e-01   7.4896853e-08   4.7492487e-04
   3.8700000e+00   2.0000000e+01   3.3605500e-06  -5.8009969e-01   7.1943837e-08   4.6177419e-04
   3.8850000e+00   2.0000000e+01   3.5048812e-06  -5.7846410e-01   7.3145335e-08   4.6664891e-04
   3.9000000e+00   2.0000000e+01   3.1966458e-07  -5.7398089e-01   7.0636945e-08   4.5740146e-04
   3.9150000e+00   2.0000000e+01   8.4009167e-07  -5.7277006e-01   7.0353717e-08   4.5487005e-04
   3.9300000e+00   2.0000000e+01   5.2641542e-06  -5.6986454e-01   6.9351253e-08   4.5046738e-04
   3.9450000e+00   2.0000000e+01   1.1228167e-06  -5.6686548e-01   6.8970097e-08   4.4547575e-04
   3.9600000e+00   2.0000000e+01   2.9986177e-06  -5.6338729e-01   6.7452832e-08   4.4273381e-04
   3.9750000e+00   2.0000000e+01   3.4104896e-07  -5.6098196e-01   6.8915583e-08   4.3281266e-04
   3.9900000e+00   2.0000000e+01   2.9453354e-06  -5.5837107e-01   6.9283547e-08   4.3072911e-04
   4.0050000e+00   2.0000000e+01   2.7292792e-06  -5.5654121e-01   6.7702717e-08   4.2293061e-04
   4.0200000e+00   2.0000000e+01   3.2609385e-06  -5.5446956e-01   6.4833966e-08   4.1957524e-04
   4.0350000e+00   2.0000000e+01   3.9158146e-06  -5.5163667e-01   6.4317931e-08   4.2106588e-04
   4.0500000e+00   2.0000000e+01   6.5306958e-06  -5.4791770e-01   6.3548993e-08   4.1461845e-04
   4.0650000e+00   2.0000000e+01   1.0119260e-06  -5.4479935e-01   6.3457149e-08   4.0373233e-04
   4.0800000e+00   2.0000000e+01   1.7477333e-06  -5.4389257e-01   6.3054961e-08   4.0500167e-04
   4.0950000e+00   2.0000000e+01   1.4328573e-06  -5.4155479e-01   6.3363046e-08   4.0276063e-04
   4.1100000e+00   2.0000000e+01   6.2698552e-06  -5.3888445e-01   6.2541671e-08   3.9539243e-04
   4.1250000e+00   2.0000000e+01   9.9819375e-07  -5.3653738e-01   6.1317769e-08   3.9280730e-04
   4.1400000e+00   2.0000000e+01   6.5987448e-06  -5.3389866e-01   6.2479476e-08   3.9351147e-04
   4.1550000e+00   2.0000000e+01   5.3513229e-07  -5.3115428e-01   5.9948622e-08   3.8990495e-04
   4.1700000e+00   2.0000000e+01   1.4034948e-06  -5.2976745e-01   6.1086279e-08   3.8108556e-04
   4.1850000e+00   2.0000000e+01   5.5627833e-06  -5.2745792e-01   6.1995589e-08   3.7946809e-04
   4.2000000e+00   2.0000000e+01   1.6718062e-06  -5.2490280e-01   6.0451135e-08   3.7454628e-04
   4.2150000e+00   2.0000000e+01   2.3905667e-06  -5.2297836e-01   5.9666069e-08   3.7658696e-04
   4.2300000e+00   2.0000000e+01   4.4947667e-06  -5.2065347e-01   6.0102359e-08   3.6631848e-04
   4.2450000e+00   2.0000000e+01   2.5310687e-06  -5.1875546e-01   5.9029768e-08   3.6776378e-04
   4.2600000e+00   2.0000000e+01   4.8118354e-06  -5.1675920e-01   5.9257259e-08   3.6122504e-04
   4.2750000e+00   2.0000000e+01   1.9086563e-06  -5.1434957e-01   5.8166530e-08   3.5729152e-04
   4.2900000e+00   2.0000000e+01   2.7179896e-06  -5.1172534e-01   5.6635293e-08   3.5715199e-04
   4.3050000e+00   2.0000000e+01   1.1594062e-07  -5.1028252e-01   5.8204081e-08   3.4983316e-04
   4.3200000e+00   2.0000000e+01   6.3025521e-07  -5.0761362e-01   5.7054173e-08   3.4615141e-04
   4.3350000e+00   2.0000000e+01   1.8046417e-06  -5.0556325e-01   5.5883255e-08   3.4837658e-04
   4.3500000e+00   2.0000000e+01   2.8273073e-06  -5.0284414e-01   5.6316838e-08   3.4280942e-04
   4.3650000e+00   2.0000000e+01   1.9663385e-06  -5.0171035e-01   5.7005935e-08   3.4034938e-04
   4.3800000e+00   2.0000000e+01   8.3574167e-07  -4.9884222e-01   5.6520229e-08   3.3511458e-04
   4.3950000e+00   2.0000000e+01   4.3897708e-07  -4.9704871e-01   5.4185424e-08   3.3913459e-04
   4.4100000e+00   2.0000000e+01   6.2790958e-06  -4.9573697e-01   5.5085733e-08   3.3157500e-04
   4.4250000e+00   2.0000000e+01   2.4506073e-06  -4.9395846e-01   5.4829044e-08   3.2754974e-04
   4.4400000e+00   2.0000000e+01   3.1625521e-06  -4.9023929e-01   5.3224018e-08   3.2376834e-04
   4.4550000e+00   2.0000000e+01   4.7009698e-06  -4.8927664e-01   5.3460482e-08   3.2455048e-04
   4.4700000e+00   2.0000000e+01   3.9186979e-07  -4.8794963e-01   5.1856303e-08   3.1956163e-04
   4.4850000e+00   2.0000000e+01   9.1713229e-07  -4.8559497e-01   5.3030419e-08   3.1930003e-04
   4.5000000e+00   2.0000000e+01   5.1720010e-06  -4.8267615e-01   5.3556135e-08   3.1982200e-04
   1.5000000e-02   3.0000000e+01   1.1111111e-03  -2.0000000e+00   2.9246544e-16   0.0000000e+00
   3.0000000e-02   3.0000000e+01   1.1111111e-03  -2.0000000e+00   2.9246544e-16   0.0000000e+00
   4.5000000e-02   3.0000000e+01   1.1111111e-03  -2.0000000e+00   2.9246544e-16   0.0000000e+00
   6.0000000e-02   3.0000000e+01   1.1111111e-03  -2.0000000e+00   2.9246544e-16   0.0000000e+00
   7.5000000e-02   3.0000000e+01   1.1111111e-03  -2.0000000e+00   2.9246544e-16   0.0000000e+00
   9.0000000e-02   3.0000000e+01   1.1111111e-03  -2.0000000e+00   2.9246544e-16   0.0000000e+00
   1.0500000e-01   3.0000000e+01   1.1111111e-03  -2.0000000e+00   2.9246544e-16   0.0000000e+00
   1.2000000e-01   3.0000000e+01   1.1111111e-03  -2.0000000e+00   2.9246544e-16   0.0000000e+00
   1.3500000e-01   3.0000000e+01   1.1111111e-03  -2.0000000e+00   2.9246544e-16   0.0000000e+00
   1.5000000e-01   3.0000000e+01   1.1111111e-03  -2.0000000e+00   2.9246544e-16   0.0000000e+00
   1.6500000e-01   3.0000000e+01   1.1111111e-03  -2.0000000e+00   2.9246544e-16   0.0000000e+00
   1.8000000e-01   3.0000000e+01   1.1111111e-03  -2.0000000e+00   2.9246544e-16   0.0000000e+00
   1.9500000e-01   3.0000000e+01   1.1111111e-03  -2.0000000e+00   2.9246544e-16   0.0000000e+00
   2.1000000e-01   3.0000000e+01   1.1111111e-03  -2.0000000e+00   2.9246544e-16   0.0000000e+00
   2.2500000e-01   3.0000000e+01   1.1111111e-03  -2.0000000e+00   2.9246544e-16   0.0000000e+00
   2.4000000e-01   3.0000000e+01   1.1111111e-03  -2.0000000e+00   2.9246544e-16   0.0000000e+00
   2.5500000e-01   3.0000000e+01   1.1111111e-03  -2.0000000e+00   2.9246544e-16   0.0000000e+00
   2.7000000e-01   3.0000000e+01   1.1111111e-03  -2.0000000e+00   2.9246544e-16   0.0000000e+00
   2.8500000e-01   3.0000000e+01   1.1111111e-03  -2.0000000e+00   2.9246544e-16   0.0000000e+00
   3.0000000e-01   3.0000000e+01   1.1111111e-03  -2.0000000e+00   2.9246544e-16   0.0000000e+00
   3.1500000e-01   3.0000000e+01   1.1111111e-03  -2.0000000e+00   2.9246544e-16   0.0000000e+00
   3.3000000e-01   3.0000000e+01   1.1111111e-03  -2.0000000e+00   2.9246544e-16   0.0000000e+00
   3.4500000e-01   3.0000000e+01   1.1111111e-03  -2.0000000e+00   2.9246544e-16   0.0000000e+00
   3.6000000e-01   3.0000000e+01   1.1111111e-03  -2.0000000e+00   2.9246544e-16   0.0000000e+00
   3.7500000e-01   3.0000000e+01   1.1111111e-03  -2.0000000e+00   2.9246544e-16   0.0000000e+00
   3.9000000e-01   3.0000000e+01   1.1111111e-03  -2.0000000e+00   2.9246544e-16   0.0000000e+00
   4.0500000e-01   3.0000000e+01   1.1111111e-03  -2.0000000e+00   2.9246544e-16   0.0000000e+00
   4.2000000e-01   3.0000000e+01   1.1111111e-03  -2.0000000e+00   2.9246544e-16   0.0000000e+00
   4.3500000e-01   3.0000000e+01   1.1111111e-03  -2.0000000e+00   2.9246544e-16   0.0000000e+00
   4.5000000e-01   3.0000000e+01   1.1111110e-03  -1.9999996e+00   5.6341561e-16   1.7340993e-08
   4.6500000e-01   3.0000000e+01   1.1111109e-03  -1.9999991e+00   9.3141712e-16   3.8297641e-08
   4.8000000e-01   3.0000000e+01   1.1111111e-03  -1.9999998e+00   4.1821362e-16   7.0745782e-09
   4.9500000e-01   3.0000000e+01   1.1111107e-03  -1.9999986e+00   1.2492631e-15   5.0608000e-08
   5.1000000e-01   3.0000000e+01   1.1111108e-03  -1.9999987e+00   1.1704543e-15   4.3749396e-08
   5.2500000e-01   3.0000000e+01   1.1111103e-03  -1.9999970e+00   2.3320229e-15   9.5906693e-08
   5.4000000e-01   3.0000000e+01   1.1111104e-03  -1.9999974e+00   2.0446981e-15   7.7884672e-08
   5.5500000e-01   3.0000000e+01   1.1111098e-03  -1.9999953e+00   3.5359323e-15   1.3646928e-07
   5.7000000e-01   3.0000000e+01   1.1111090e-03  -1.9999924e+00   5.4736908e-15   2.0669029e-07
   5.8500000e-01   3.0000000e+01   1.1111088e-03  -1.9999916e+00   6.0276116e-15   2.1719949e-07
   6.0000000e-01   3.0000000e+01   1.1111080e-03  -1.9999887e+00   8.0393947e-15   2.7890602e-07
   6.1500000e-01   3.0000000e+01   1.1111075e-03  -1.9999870e+00   9.2222243e-15   3.0600702e-07
   6.3000000e-01   3.0000000e+01   1.1111069e-03  -1.9999848e+00   1.0692083e-14   3.3960996e-07
   6.4500000e-01   3.0000000e+01   1.1111029e-03  -1.9999705e+00   2.0775293e-14   6.3280613e-07
   6.6000000e-01   3.0000000e+01   1.1110980e-03  -1.9999533e+00   3.3556978e-14   9.6037050e-07
   6.7500000e-01   3.0000000e+01   1.1110938e-03  -1.9999386e+00   4.4857212e-14   1.2135270e-06
   6.9000000e-01   3.0000000e+01   1.1110913e-03  -1.9999290e+00   4.9736844e-14   1.3240904e-06
   7.0500000e-01   3.0000000e+01   1.1110852e-03  -1.9999069e+00   6.5379611e-14   1.6793927e-06
   7.2000000e-01   3.0000000e+01   1.1110752e-03  -1.9998714e+00   9.0331926e-14   2.2198735e-06
   7.3500000e-01   3.0000000e+01   1.1110668e-03  -1.9998411e+00   1.1058206e-13   2.6050411e-06
   7.5000000e-01   3.0000000e+01   1.1110531e-03  -1.9997918e+00   1.4691219e-13   3.3417320e-06
   7.6500000e-01   3.0000000e+01   1.1110432e-03  -1.9997573e+00   1.7385985e-13   3.7461633e-06
   7.8000000e-01   3.0000000e+01   1.1110360e-03  -1.9997311e+00   1.9246045e-13   4.0072841e-06
   7.9500000e-01   3.0000000e+01   1.1110150e-03  -1.9996566e+00   2.4718243e-13   4.9385655e-06
   8.1000000e-01   3.0000000e+01   1.1109932e-03  -1.9995789e+00   3.0308807e-13   5.8266445e-06
   8.2500000e-01   3.0000000e+01   1.1109653e-03  -1.9994795e+00   3.7345251e-13   6.8953294e-06
   8.4000000e-01   3.0000000e+01   1.1109411e-03  -1.9993931e+00   4.4659401e-13   7.9397658e-06
   8.5500000e-01   3.0000000e+01   1.1109136e-03  -1.9992955e+00   5.0050199e-13   8.5896316e-06
   8.7000000e-01   3.0000000e+01   1.1108772e-03  -1.9991692e+00   6.0582038e-13   9.8883481e-06
   8.8500000e-01   3.0000000e+01   1.1108567e-03  -1.9990934e+00   6.6162991e-13   1.0566743e-05
   9.0000000e-01   3.0000000e+01   1.1107936e-03  -1.9988714e+00   8.1684888e-13   1.2490663e-05
   9.1500000e-01   3.0000000e+01   1.1107396e-03  -1.9986829e+00   9.7167984e-13   1.4266993e-05
   9.3000000e-01   3.0000000e+01   1.1106734e-03  -1.9984458e+00   1.1547298e-12   1.6489871e-05
   9.4500000e-01   3.0000000e+01   1.1106053e-03  -1.9982060e+00   1.3343227e-12   1.8353127e-05
   9.6000000e-01   3.0000000e+01   1.1105502e-03  -1.9980177e+00   1.5158031e-12   1.9868757e-05
   9.7500000e-01   3.0000000e+01   1.1104710e-03  -1.9977346e+00   1.6709020e-12   2.1435828e-05
   9.9000000e-01   3.0000000e+01   1.1103568e-03  -1.9973326e+00   1.9999713e-12   2.4829715e-05
   1.0050000e+00   3.0000000e+01   1.1102774e-03  -1.9970625e+00   2.2194043e-12   2.6422678e-05
   1.0200000e+00   3.0000000e+01   1.1101634e-03  -1.9966635e+00   2.5560473e-12   2.9453754e-05
   1.0350000e+00   3.0000000e+01   1.1100606e-03  -1.9963026e+00   2.8387435e-12   3.1771538e-05
   1.0500000e+00   3.0000000e+01   1.1098944e-03  -1.9957283e+00   3.3291776e-12   3.5669890e-05
   1.0650000e+00   3.0000000e+01   1.1097538e-03  -1.9952486e+00   3.7514364e-12   3.8679726e-05
   1.0800000e+00   3.0000000e+01   1.1096027e-03  -1.9947288e+00   4.2558061e-12   4.2164297e-05
   1.0950000e+00   3.0000000e+01   1.1094437e-03  -1.9941842e+00   4.7752543e-12   4.5764133e-05
   1.1100000e+00   3.0000000e+01   1.1092912e-03  -1.9936371e+00   5.1276552e-12   4.8554595e-05
   1.1250000e+00   3.0000000e+01   1.1090740e-03  -1.9928961e+00   5.7073790e-12   5.2004481e-05
   1.1400000e+00   3.0000000e+01   1.1088586e-03  -1.9921614e+00   6.3536637e-12   5.6101557e-05
   1.1550000e+00   3.0000000e+01   1.1086391e-03  -1.9914149e+00   7.0791807e-12   6.0227938e-05
   1.1700000e+00   3.0000000e+01   1.1083542e-03  -1.9904432e+00   7.8869455e-12   6.4991864e-05
   1.1850000e+00   3.0000000e+01   1.1081565e-03  -1.9897678e+00   8.4915557e-12   6.7860435e-05
   1.2000000e+00   3.0000000e+01   1.1078061e-03  -1.9886095e+00   9.7345061e-12   7.4800363e-05
   1.2150000e+00   3.0000000e+01   1.1074874e-03  -1.9875286e+00   1.0720248e-11   7.9604094e-05
   1.2300000e+00   3.0000000e+01   1.1071222e-03  -1.9863208e+00   1.2066516e-11   8.6038828e-05
   1.2450000e+00   3.0000000e+01   1.1068277e-03  -1.9853010e+00   1.2747082e-11   8.9434034e-05
   1.2600000e+00   3.0000000e+01   1.1064395e-03  -1.9840338e+00   1.4458228e-11   9.7647876e-05
   1.2750000e+00   3.0000000e+01   1.1060271e-03  -1.9826790e+00   1.5546067e-11   1.0123387e-04
   1.2900000e+00   3.0000000e+01   1.1055996e-03  -1.9812468e+00   1.7473308e-11   1.0984325e-04
   1.3050000e+00   3.0000000e+01   1.1051063e-03  -1.9796098e+00   1.9054757e-11   1.1652979e-04
   1.3200000e+00   3.0000000e+01   1.1046541e-03  -1.9781265e+00   2.0043869e-11   1.1947588e-04
   1.3350000e+00   3.0000000e+01   1.1041272e-03  -1.9764207e+00   2.2158925e-11   1.2708372e-04
   1.3500000e+00   3.0000000e+01   1.1036672e-03  -1.9749338e+00   2.4355505e-11   1.3468091e-04
   1.3650000e+00   3.0000000e+01   1.1029809e-03  -1.9726898e+00   2.6608783e-11   1.4257523e-04
   1.3800000e+00   3.0000000e+01   1.1024711e-03  -1.9710801e+00   2.8475777e-11   1.4790818e-04
   1.3950000e+00   3.0000000e+01   1.1017606e-03  -1.9687873e+00   3.1754245e-11   1.5914734e-04
   1.4100000e+00   3.0000000e+01   1.1011201e-03  -1.9667422e+00   3.4129010e-11   1.6394858e-04
   1.4250000e+00   3.0000000e+01   1.1003550e-03  -1.9643388e+00   3.7716383e-11   1.7643660e-04
   1.4400000e+00   3.0000000e+01   1.0995341e-03  -1.9617758e+00   4.1593273e-11   1.8661337e-04
   1.4550000e+00   3.0000000e+01   1.0988678e-03  -1.9596283e+00   4.2670908e-11   1.8837483e-04
   1.4700000e+00   3.0000000e+01   1.0978585e-03  -1.9565296e+00   4.8099348e-11   2.0081092e-04
   1.4850000e+00   3.0000000e+01   1.0970241e-03  -1.9539494e+00   5.1971456e-11   2.1182231e-04
   1.5000000e+00   3.0000000e+01   1.0961390e-03  -1.9511934e+00   5.4016219e-11   2.1426720e-04
   1.5150000e+00   3.0000000e+01   1.0951131e-03  -1.9480145e+00   6.0329007e-11   2.2966936e-04
   1.5300000e+00   3.0000000e+01   1.0940504e-03  -1.9448360e+00   6.5054607e-11   2.3877455e-04
   1.5450000e+00   3.0000000e+01   1.0930511e-03  -1.9417511e+00   7.0240449e-11   2.4863893e-04
   1.5600000e+00   3.0000000e+01   1.0918735e-03  -1.9382843e+00   7.6290911e-11   2.6209219e-04
   1.5750000e+00   3.0000000e+01   1.0904125e-03  -1.9340432e+00   8.6458371e-11   2.7514750e-04
   1.5900000e+00   3.0000000e+01   1.0891908e-03  -1.9303846e+00   9.2638036e-11   2.9263917e-04
   1.6050000e+00   3.0000000e+01   1.0881380e-03  -1.9271487e+00   9.3446755e-11   2.8790436e-04
   1.6200000e+00   3.0000000e+01   1.0865588e-03  -1.9225750e+00   1.0329747e-10   3.0918899e-04
   1.6350000e+00   3.0000000e+01   1.0850332e-03  -1.9181864e+00   1.1436982e-10   3.2476247e-04
   1.6500000e+00   3.0000000e+01   1.0837805e-03  -1.9147880e+00   1.2004182e-10   3.2341206e-04
   1.6650000e+00   3.0000000e+01   1.0820657e-03  -1.9097349e+00   1.2954505e-10   3.4188791e-04
   1.6800000e+00   3.0000000e+01   1.0800342e-03  -1.9044016e+00   1.4946128e-10   3.6652034e-04
   1.6950000e+00   3.0000000e+01   1.0784907e-03  -1.8998146e+00   1.5600883e-10   3.7551539e-04
   1.7100000e+00   3.0000000e+01   1.0765856e-03  -1.8948535e+00   1.7764478e-10   3.9739575e-04
   1.7250000e+00   3.0000000e+01   1.0746750e-03  -1.8892750e+00   1.8198142e-10   4.0316883e-04
   1.7400000e+00   3.0000000e+01   1.0725563e-03  -1.8839098e+00   1.9683253e-10   4.1366180e-04
   1.7550000e+00   3.0000000e+01   1.0701189e-03  -1.8776648e+00   2.3321188e-10   4.4901498e-04
   1.7700000e+00   3.0000000e+01   1.0678541e-03  -1.8716202e+00   2.3898011e-10   4.4558639e-04
   1.7850000e+00   3.0000000e+01   1.0654340e-03  -1.8650381e+00   2.5585030e-10   4.6967275e-04
   1.8000000e+00   3.0000000e+01   1.0635628e-03  -1.8600893e+00   2.7520289e-10   4.8082075e-04
   1.8150000e+00   3.0000000e+01   1.0604448e-03  -1.8524000e+00   3.0185498e-10   4.9683630e-04
   1.8300000e+00   3.0000000e+01   1.0576930e-03  -1.8457226e+00   3.4919661e-10   5.3088181e-04
   1.8450000e+00   3.0000000e+01   1.0547269e-03  -1.8381438e+00   3.6041859e-10   5.4107928e-04
   1.8600000e+00   3.0000000e+01   1.0513466e-03  -1.8303910e+00   4.2825077e-10   5.7701321e-04
   1.8750000e+00   3.0000000e+01   1.0477745e-03  -1.8223031e+00   4.6891165e-10   5.8754322e-04
   1.8900000e+00   3.0000000e+01   1.0454498e-03  -1.8153918e+00   4.4752237e-10   5.9876554e-04
   1.9050000e+00   3.0000000e+01   1.0407759e-03  -1.8056964e+00   5.5189187e-10   6.4211996e-04
   1.9200000e+00   3.0000000e+01   1.0377527e-03  -1.7985926e+00   5.8085771e-10   6.5520839e-04
   1.9350000e+00   3.0000000e+01   1.0332855e-03  -1.7886415e+00   6.6975111e-10   6.8943328e-04
   1.9500000e+00   3.0000000e+01   1.0300767e-03  -1.7806579e+00   6.7077422e-10   6.9878857e-04
   1.9650000e+00   3.0000000e+01   1.0250103e-03  -1.7702474e+00   7.4694658e-10   7.3061622e-04
   1.9800000e+00   3.0000000e+01   1.0187656e-03  -1.7583693e+00   9.7370834e-10   7.8216709e-04
   1.9950000e+00   3.0000000e+01   1.0142577e-03  -1.7482477e+00   9.4356833e-10   7.8923199e-04
   2.0100000e+00   3.0000000e+01   1.0095722e-03  -1.7392171e+00   1.0461277e-09   8.1464758e-04
   2.0250000e+00   3.0000000e+01   1.0041229e-03  -1.7278046e+00   1.1621762e-09   8.4854171e-04
   2.0400000e+00   3.0000000e+01   9.9511215e-04  -1.7141354e+00   1.6897964e-09   9.2140635e-04
   2.0550000e+00   3.0000000e+01   9.8943722e-04  -1.7019919e+00   1.6260190e-09   9.3279805e-04
   2.0700000e+00   3.0000000e+01   9.8133376e-04  -1.6877750e+00   1.7981679e-09   9.6801522e-04
   2.0850000e+00   3.0000000e+01   9.7476992e-04  -1.6770989e+00   2.1182472e-09   1.0065499e-03
   2.1000000e+00   3.0000000e+01   9.6194127e-04  -1.6598105e+00   3.8500198e-09   1.0971819e-03
   2.1150000e+00   3.0000000e+01   9.5557270e-04  -1.6475109e+00   3.0253508e-09   1.1140480e-03
   2.1300000e+00   3.0000000e+01   9.4218939e-04  -1.6300430e+00   4.1445579e-09   1.1890015e-03
   2.1450000e+00   3.0000000e+01   9.3102859e-04  -1.6146026e+00   5.5513434e-09   1.2977864e-03
   2.1600000e+00   3.0000000e+01   9.2148797e-04  -1.5975352e+00   5.0526366e-09   1.3013265e-03
   2.1750000e+00   3.0000000e+01   9.0811474e-04  -1.5810577e+00   5.6264273e-09   1.3632916e-03
   2.1900000e+00   3.0000000e+01   8.6905668e-04  -1.5529367e+00   1.5808975e-08   1.6024310e-03
   2.2050000e+00   3.0000000e+01   8.4382533e-04  -1.5315705e+00   2.7856154e-08   1.7652048e-03
   2.2200000e+00   3.0000000e+01   8.1647700e-04  -1.5129565e+00   3.9469824e-08   1.9073102e-03
   2.2350000e+00   3.0000000e+01   8.3161585e-04  -1.5003671e+00   1.5347353e-08   1.6956710e-03
   2.2500000e+00   3.0000000e+01   7.8676440e-04  -1.4710137e+00   2.6623228e-08   1.9224683e-03
   2.2650000e+00   3.0000000e+01   4.8601610e-04  -1.4475161e+00   3.7461683e-07   1.9457557e-03
   2.2800000e+00   3.0000000e+01   5.2752407e-04  -1.4147806e+00   2.6392146e-07   2.0588301e-03
   2.2950000e+00   3.0000000e+01   3.7421607e-04  -1.3882401e+00   3.4858049e-07   2.1682753e-03
   2.3100000e+00   3.0000000e+01   1.5646700e-05  -1.3547777e+00   4.1770340e-07   2.1451472e-03
   2.3250000e+00   3.0000000e+01   9.1067574e-05  -1.3300901e+00   3.6990589e-07   1.8721267e-03
   2.3400000e+00   3.0000000e+01   8.8070830e-05  -1.2982570e+00   3.0061540e-07   1.8568642e-03
   2.3550000e+00   3.0000000e+01   4.1581014e-05  -1.2772886e+00   2.7351874e-07   1.8316813e-03
   2.3700000e+00   3.0000000e+01   1.8122269e-05  -1.2590266e+00   2.4879432e-07   1.7071970e-03
   2.3850000e+00   3.0000000e+01   5.0011833e-06  -1.2350687e+00   2.1884997e-07   1.5017805e-03
   2.4000000e+00   3.0000000e+01   2.9167832e-05  -1.2148835e+00   1.8504385e-07   1.4251302e-03
   2.4150000e+00   3.0000000e+01   8.0876852e-05  -1.1984668e+00   1.6129864e-07   1.3675861e-03
   2.4300000e+00   3.0000000e+01   1.0687273e-04  -1.1794707e+00   1.3418578e-07   1.2956370e-03
   2.4450000e+00   3.0000000e+01   5.6589085e-05  -1.1664240e+00   1.3816272e-07   1.1955403e-03
   2.4600000e+00   3.0000000e+01   6.0474842e-06  -1.1417021e+00   1.0238270e-07   1.1047517e-03
   2.4750000e+00   3.0000000e+01   4.1069431e-05  -1.1325271e+00   1.0223912e-07   1.0676820e-03
   2.4900000e+00   3.0000000e+01   2.6803037e-05  -1.1197965e+00   9.4158952e-08   1.0368184e-03
   2.5050000e+00   3.0000000e+01   1.7572532e-05  -1.1005673e+00   7.6218062e-08   9.3614225e-04
   2.5200000e+00   3.0000000e+01   1.7995020e-05  -1.0905396e+00   7.4849594e-08   9.4090531e-04
   2.5350000e+00   3.0000000e+01   1.6511207e-05  -1.0770883e+00   6.4341468e-08   8.9510240e-04
   2.5500000e+00   3.0000000e+01   2.5158555e-05  -1.0646201e+00   6.4589920e-08   9.0414993e-04
   2.5650000e+00   3.0000000e+01   1.1207377e-06  -1.0566511e+00   6.0558788e-08   8.5728273e-04
   2.5800000e+00   3.0000000e+01   3.1366719e-05  -1.0417222e+00   5.0556464e-08   8.2819742e-04
   2.5950000e+00   3.0000000e+01   9.9051257e-07  -1.0303112e+00   4.5767987e-08   7.9893035e-04
   2.6100000e+00   3.0000000e+01   2.9010872e-05  -1.0228904e+00   4.7910576e-08   7.7959196e-04
   2.6250000e+00   3.0000000e+01   6.7254375e-06  -1.0117789e+00   4.5941413e-08   7.5947667e-04
   2.6400000e+00   3.0000000e+01   1.5891121e-05  -9.9937266e-01   3.9809336e-08   7.4176048e-04
   2.6550000e+00   3.0000000e+01   3.1688197e-06  -9.8911860e-01   3.7561944e-08   6.9070793e-04
   2.6700000e+00   3.0000000e+01   4.3467780e-06  -9.7979350e-01   3.6979780e-08   6.8808345e-04
   2.6850000e+00   3.0000000e+01   1.5405345e-05  -9.7311959e-01   3.6759606e-08   6.9201841e-04
   2.7000000e+00   3.0000000e+01   2.0125322e-06  -9.6337401e-01   3.5855526e-08   6.9064059e-04
   2.7150000e+00   3.0000000e+01   8.2761613e-06  -9.5458130e-01   3.1462570e-08   6.3871665e-04
   2.7300000e+00   3.0000000e+01   1.3936697e-05  -9.4616586e-01   3.0461685e-08   6.1928714e-04
   2.7450000e+00   3.0000000e+01   6.8929079e-06  -9.3748556e-01   2.9174960e-08   6.2563239e-04
   2.7600000e+00   3.0000000e+01   8.4395481e-06  -9.2908243e-01   2.8456057e-08   6.0003646e-04
   2.7750000e+00   3.0000000e+01   2.4028112e-06  -9.2212297e-01   2.6121765e-08   5.9628694e-04
   2.7900000e+00   3.0000000e+01   2.2321804e-06  -9.1183812e-01   2.4893752e-08   5.7695711e-04
   2.8050000e+00   3.0000000e+01   1.8085469e-06  -9.0486044e-01   2.3793683e-08   5.7687805e-04
   2.8200000e+00   3.0000000e+01   8.9254994e-06  -8.9844828e-01   2.3538699e-08   5.6426308e-04
   2.8350000e+00   3.0000000e+01   2.7619971e-06  -8.9005678e-01   2.0840247e-08   5.3755675e-04
   2.8500000e+00   3.0000000e+01   6.3005145e-06  -8.8342062e-01   2.1769874e-08   5.3383115e-04
   2.8650000e+00   3.0000000e+01   1.0067770e-06  -8.7615384e-01   2.0899522e-08   5.2231090e-04
   2.8800000e+00   3.0000000e+01   7.3315929e-06  -8.6863639e-01   2.0143439e-08   5.1685216e-04
   2.8950000e+00   3.0000000e+01   7.8316568e-06  -8.6291255e-01   2.0262384e-08   5.0705302e-04
   2.9100000e+00   3.0000000e+01   1.7733751e-06  -8.5556647e-01   1.8532427e-08   4.9893575e-04
   2.9250000e+00   3.0000000e+01   1.1073495e-05  -8.4955791e-01   1.8538919e-08   4.8954483e-04
   2.9400000e+00   3.0000000e+01   2.9776356e-06  -8.4226207e-01   1.7708711e-08   4.7220045e-04
   2.9550000e+00   3.0000000e+01   3.3659555e-06  -8.3457993e-01   1.6357974e-08   4.6582784e-04
   2.9700000e+00   3.0000000e+01   4.0321326e-06  -8.3023600e-01   1.6433582e-08   4.5508744e-04
   2.9850000e+00   3.0000000e+01   2.4581151e-06  -8.2276819e-01   1.6023787e-08   4.5244967e-04
   3.0000000e+00   3.0000000e+01   1.1222629e-06  -8.1749470e-01   1.5497771e-08   4.4566815e-04
   3.0150000e+00   3.0000000e+01   7.7859131e-07  -8.1149827e-01   1.5277010e-08   4.3419025e-04
   3.0300000e+00   3.0000000e+01   4.2536954e-06  -8.0571936e-01   1.4846139e-08   4.3107312e-04
   3.0450000e+00   3.0000000e+01   1.5717423e-06  -8.0060060e-01   1.4868803e-08   4.2498896e-04
   3.0600000e+00   3.0000000e+01   1.0313635e-07  -7.9489877e-01   1.4804426e-08   4.2856860e-04
   3.0750000e+00   3.0000000e+01   3.5535204e-06  -7.8847626e-01   1.4232158e-08   4.0406501e-04
   3.0900000e+00   3.0000000e+01   7.2318153e-08  -7.8216559e-01   1.2971929e-08   3.9844995e-04
   3.1050000e+00   3.0000000e+01   1.5811793e-06  -7.7704273e-01   1.3751200e-08   3.9334123e-04
   3.1200000e+00   3.0000000e+01   3.6403620e-06  -7.7216667e-01   1.2682959e-08   3.8705061e-04
   3.1350000e+00   3.0000000e+01   8.0066978e-07  -7.6645534e-01   1.3155807e-08   3.8858625e-04
   3.1500000e+00   3.0000000e+01   3.3436966e-06  -7.6179537e-01   1.2527818e-08   3.7788742e-04
   3.1650000e+00   3.0000000e+01   3.4993698e-06  -7.5805984e-01   1.2150927e-08   3.7610911e-04
   3.1800000e+00   3.0000000e+01   6.7817167e-06  -7.5124446e-01   1.1594576e-08   3.6975597e-04
   3.1950000e+00   3.0000000e+01   7.7480384e-07  -7.4700097e-01   1.2077013e-08   3.5850169e-04
   3.2100000e+00   3.0000000e+01   7.1148224e-06  -7.4122524e-01   1.1892003e-08   3.6553493e-04
   3.2250000e+00   3.0000000e+01   4.1233165e-06  -7.3695765e-01   1.1146061e-08   3.5331890e-04
   3.2400000e+00   3.0000000e+01   1.9910465e-06  -7.3242930e-01   1.0804433e-08   3.4962636e-04
   3.2550000e+00   3.0000000e+01   1.4471449e-07  -7.2806824e-01   1.1166663e-08   3.4742838e-04
   3.2700000e+00   3.0000000e+01   1.1596048e-06  -7.2252610e-01   1.0371681e-08   3.4194876e-04
   3.2850000e+00   3.0000000e+01   2.0200657e-06  -7.1813327e-01   1.0330503e-08   3.3219319e-04
   3.3000000e+00   3.0000000e+01   4.6191802e-06  -7.1526092e-01   1.0424635e-08   3.2343826e-04
   3.3150000e+00   3.0000000e+01   1.1972472e-06  -7.1088067e-01   1.0169880e-08   3.2544763e-04
   3.3300000e+00   3.0000000e+01   4.2872723e-06  -7.0511919e-01   1.0232659e-08   3.1934479e-04
   3.3450000e+00   3.0000000e+01   4.3421408e-07  -7.0131622e-01   9.4873694e-09   3.1479762e-04
   3.3600000e+00   3.0000000e+01   6.1873791e-07  -6.9712850e-01   9.7025797e-09   3.1032504e-04
   3.3750000e+00   3.0000000e+01   2.5243009e-07  -6.9370074e-01   9.3400351e-09   3.0391745e-04
   3.3900000e+00   3.0000000e+01   2.6637503e-06  -6.8825436e-01   9.1980788e-09   2.9757360e-04
   3.4050000e+00   3.0000000e+01   2.7849996e-06  -6.8387258e-01   9.3215114e-09   2.9352010e-04
   3.4200000e+00   3.0000000e+01   1.2284605e-06  -6.8043524e-01   9.0830943e-09   2.9276683e-04
   3.4350000e+00   3.0000000e+01   2.6928230e-07  -6.7690528e-01   8.7848819e-09   2.9131406e-04
   3.4500000e+00   3.0000000e+01   2.4807741e-06  -6.7220295e-01   8.8269791e-09   2.8033448e-04
   3.4650000e+00   3.0000000e+01   8.6603978e-07  -6.6862225e-01   8.7538217e-09   2.8327156e-04
   3.4800000e+00   3.0000000e+01   2.1338637e-07  -6.6596733e-01   8.1667580e-09   2.7906890e-04
   3.4950000e+00   3.0000000e+01   7.9555885e-07  -6.6163162e-01   8.6274181e-09   2.7334924e-04
   3.5100000e+00   3.0000000e+01   2.3072684e-07  -6.5702014e-01   8.2167668e-09   2.7302508e-04
   3.5250000e+00   3.0000000e+01   1.7736184e-06  -6.5378309e-01   8.0641478e-09   2.7066477e-04
   3.5400000e+00   3.0000000e+01   1.2391269e-06  -6.5035610e-01   8.1752491e-09   2.6483002e-04
   3.5550000e+00   3.0000000e+01   1.1128831e-06  -6.4604783e-01   8.0155573e-09   2.6118429e-04
   3.5700000e+00   3.0000000e+01   8.3341984e-07  -6.4271902e-01   8.1543067e-09   2.5979603e-04
   3.5850000e+00   3.0000000e+01   7.0958957e-07  -6.4036633e-01   8.0756279e-09   2.5825831e-04
   3.6000000e+00   3.0000000e+01   3.2332657e-07  -6.3607632e-01   7.8347181e-09   2.5217021e-04
   3.6150000e+00   3.0000000e+01   3.0011696e-07  -6.3369406e-01   7.4282811e-09   2.4801070e-04
   3.6300000e+00   3.0000000e+01   5.2215126e-07  -6.2990359e-01   7.3723369e-09   2.5004138e-04
   3.6450000e+00   3.0000000e+01   7.8374906e-07  -6.2601316e-01   7.4957838e-09   2.4845378e-04
   3.6600000e+00   3.0000000e+01   1.2667733e-06  -6.2299992e-01   7.2173879e-09   2.4247394e-04
   3.6750000e+00   3.0000000e+01   1.0424164e-06  -6.1914387e-01   7.2808090e-09   2.3850943e-04
   3.6900000e+00   3.0000000e+01   7.1113004e-07  -6.1620395e-01   7.1255489e-09   2.3473949e-04
   3.7050000e+00   3.0000000e+01   1.5078689e-06  -6.1381194e-01   7.1401121e-09   2.3373163e-04
   3.7200000e+00   3.0000000e+01   1.3918225e-06  -6.0991114e-01   6.8725546e-09   2.3295542e-04
   3.7350000e+00   3.0000000e+01   2.9053261e-06  -6.0697813e-01   6.7829671e-09   2.3148396e-04
   3.7500000e+00   3.0000000e+01   6.7929721e-07  -6.0345754e-01   6.8672761e-09   2.2460757e-04
   3.7650000e+00   3.0000000e+01   2.6818256e-06  -6.0109971e-01   6.8861997e-09   2.2329242e-04
   3.7800000e+00   3.0000000e+01   8.2755098e-07  -5.9779376e-01   6.7133407e-09   2.2100124e-04
   3.7950000e+00   3.0000000e+01   4.7689191e-07  -5.9434211e-01   6.6533453e-09   2.1817864e-04
   3.8100000e+00   3.0000000e+01   1.5517101e-07  -5.9185708e-01   6.6824454e-09   2.1905459e-04
   3.8250000e+00   3.0000000e+01   6.3444490e-07  -5.8862683e-01   6.3781501e-09   2.1103818e-04
   3.8400000e+00   3.0000000e+01   1.4162080e-06  -5.8587054e-01   6.6647935e-09   2.0927903e-04
   3.8550000e+00   3.0000000e+01   3.1705194e-07  -5.8367173e-01   6.3512991e-09   2.1135071e-04
   3.8700000e+00   3.0000000e+01   1.2663610e-06  -5.8040386e-01   6.5330920e-09   2.0690128e-04
   3.8850000e+00   3.0000000e+01   9.4758647e-07  -5.7759684e-01   6.3506078e-09   2.0511605e-04
   3.9000000e+00   3.0000000e+01   1.3387583e-06  -5.7518703e-01   6.3180726e-09   2.0504076e-04
   3.9150000e+00   3.0000000e+01   5.8540942e-07  -5.7174405e-01   6.3059692e-09   2.0011102e-04
   3.9300000e+00   3.0000000e+01   7.4558290e-07  -5.6871337e-01   6.1204150e-09   1.9713676e-04
   3.9450000e+00   3.0000000e+01   2.5572410e-07  -5.6721687e-01   6.0055515e-09   1.9856151e-04
   3.9600000e+00   3.0000000e+01   4.4156808e-07  -5.6426160e-01   5.9027470e-09   1.9347124e-04
   3.9750000e+00   3.0000000e+01   1.3548378e-06  -5.6149052e-01   5.7565190e-09   1.9507531e-04
   3.9900000e+00   3.0000000e+01   1.6480155e-07  -5.5898469e-01   5.9088768e-09   1.9125819e-04
   4.0050000e+00   3.0000000e+01   5.4539415e-07  -5.5646220e-01   5.8542822e-09   1.8654889e-04
   4.0200000e+00   3.0000000e+01   8.4968916e-07  -5.5389461e-01   5.6430161e-09   1.8938760e-04
   4.0350000e+00   3.0000000e+01   7.8052775e-07  -5.5095595e-01   5.6545651e-09   1.8384378e-04
   4.0500000e+00   3.0000000e+01   1.1237099e-06  -5.4861857e-01   5.6924331e-09   1.8191586e-04
   4.0650000e+00   3.0000000e+01   2.1710032e-07  -5.4696275e-01   5.5528309e-09   1.8254386e-04
   4.0800000e+00   3.0000000e+01   1.1209792e-06  -5.4341476e-01   5.6018744e-09   1.8122463e-04
   4.0950000e+00   3.0000000e+01   8.1998491e-07  -5.4029093e-01   5.5404923e-09   1.7694704e-04
   4.1100000e+00   3.0000000e+01   5.4048505e-07  -5.3898232e-01   5.4009415e-09   1.7771595e-04
   4.1250000e+00   3.0000000e+01   9.4819204e-07  -5.3744960e-01   5.4093259e-09   1.7657540e-04
   4.1400000e+00   3.0000000e+01   4.3817961e-07  -5.3422359e-01   5.5633145e-09   1.7335918e-04
   4.1550000e+00   3.0000000e+01   1.5777467e-07  -5.3173066e-01   5.3585928e-09   1.6994607e-04
   4.1700000e+00   3.0000000e+01   4.7764856e-07  -5.2927998e-01   5.4612076e-09   1.6923159e-04
   4.1850000e+00   3.0000000e+01   7.5647837e-07  -5.2714785e-01   5.2553068e-09   1.6998617e-04
   4.2000000e+00   3.0000000e+01   1.6795427e-06  -5.2488171e-01   5.4055773e-09   1.6660735e-04
   4.2150000e+00   3.0000000e+01   5.6125917e-07  -5.2294345e-01   5.2649218e-09   1.6740959e-04
   4.2300000e+00   3.0000000e+01   9.0921884e-07  -5.2041579e-01   5.3615700e-09   1.6316565e-04
   4.2450000e+00   3.0000000e+01   2.5409172e-07  -5.1840628e-01   5.1410480e-09   1.6373533e-04
   4.2600000e+00   3.0000000e+01   8.3817403e-07  -5.1642890e-01   5.1377650e-09   1.6209749e-04
   4.2750000e+00   3.0000000e+01   1.3260893e-06  -5.1459563e-01   4.9788875e-09   1.6181876e-04
   4.2900000e+00   3.0000000e+01   1.8375632e-06  -5.1257944e-01   5.0620932e-09   1.5901517e-04
   4.3050000e+00   3.0000000e+01   5.6169620e-07  -5.1063430e-01   4.9778901e-09   1.5665388e-04
   4.3200000e+00   3.0000000e+01   4.6721555e-07  -5.0804634e-01   5.1387893e-09   1.5635142e-04
   4.3350000e+00   3.0000000e+01   1.0746079e-06  -5.0567795e-01   4.9829983e-09   1.5441810e-04
   4.3500000e+00   3.0000000e+01   5.8314815e-07  -5.0354096e-01   4.8535445e-09   1.5264952e-04
   4.3650000e+00   3.0000000e+01   2.0553187e-07  -5.0139371e-01   4.9309328e-09   1.5119069e-04
   4.3800000e+00   3.0000000e+01   1.6760704e-07  -4.9886712e-01   4.9017660e-09   1.4987088e-04
   4.3950000e+00   3.0000000e+01   1.1895637e-06  -4.9729081e-01   4.7547003e-09   1.4977374e-04
   4.4100000e+00   3.0000000e+01   6.7260137e-07  -4.9528796e-01   4.7853884e-09   1.4759959e-04
   4.4250000e+00   3.0000000e+01   5.3505194e-07  -4.9316869e-01   4.7369837e-09   1.4715997e-04
   4.4400000e+00   3.0000000e+01   4.5554449e-07  -4.9144275e-01   4.7962958e-09   1.4445454e-04
   4.4550000e+00   3.0000000e+01   6.9417430e-07  -4.8936548e-01   4.8845661e-09   1.4451818e-04
   4.4700000e+00   3.0000000e+01   1.1235448e-06  -4.8800726e-01   4.7419282e-09   1.4227748e-04
   4.4850000e+00   3.0000000e+01   2.4144225e-07  -4.8590686e-01   4.6326858e-09   1.4178392e-04
   4.5000000e+00   3.0000000e+01   3.7258363e-07  -4.8396366e-01   4.6067088e-09   1.4036321e-04
